5451.1
5428.4
5395.2
5367.6
5358.2
5348.7
5294.8
5251.5
5235.3
5234.6
5224.1
5217.5
5177.3
5156.4
5135.7
5128.7
5127.2
5117.4
5037.3
5033.4
5015.6
5009.6
5009.4
4997.8
4943.2
4938.7
4903.6
4817.4
4810.4
4805.8
4739.2
4709.1
4688.5
4687.7
4623.0
4612.4
4600.5
4579.5
4558.1
4556.7
4549.1
4497.5
4470.2
4421.0
4368.4
4360.7
4324.2
4302.6
4232.3
4230.5
4170.6
4160.8
4109.6
4095.1
4088.2
4079.4
4035.5
3994.6
3993.5
3988.0
3985.4
3969.3
3951.1
3915.7
3902.7
3873.0
3869.3
3815.8
3790.9
3782.9
3759.5
3758.1
3720.3
3672.9
3643.0
3639.0
3609.3
3552.5
3541.1
3453.9
3438.3
3420.7
3392.6
3390.3
3387.2
3383.9
3367.1
3366.1
3362.5
3339.5
3334.3
3323.2
3286.8
3245.6
3214.3
3200.0
3194.2
3166.4
3151.7
3144.1
3128.2
3095.0
3076.3
3068.7
3054.1
3041.7
3019.8
3008.9
3005.3
3002.7
2992.8
2984.3
2940.2
2922.4
2899.7
2899.4
2870.4
2854.1
2853.5
2848.0
2833.8
2821.5
2808.7
2806.1
2805.2
2781.7
2716.2
2684.8
2684.8
2657.5
2655.1
2647.4
2646.5
2643.4
2642.6
2616.6
2594.3
2592.1
2591.8
2575.1
2572.3
2548.1
2544.6
2543.6
2491.9
2479.5
2468.8
2466.5
2447.3
2439.8
2422.3
2401.5
2398.0
2381.3
2373.7
2373.0
2372.6
2324.1
2322.0
2309.9
2308.6
2296.3
2294.0
2292.5
2289.3
2279.7
2275.8
2259.1
2242.8
2231.8
2223.6
2218.1
2214.3
2209.1
2196.6
2185.2
2183.3
2159.2
2157.9
2156.5
2140.7
2134.1
2123.1
2119.8
2074.7
2066.9
2062.8
2032.6
2028.0
1992.2
1988.4
1968.4
1967.7
1961.3
1961.2
1950.4
1939.4
1935.4
1925.7
1887.0
1881.5
1872.7
1864.7
1857.7
1857.2
1855.4
1853.6
1849.9
1843.4
1841.2
1833.8
1829.8
1820.1
1817.8
1817.0
1816.0
1796.4
1795.3
1793.3
1774.1
1762.1
1761.1
1749.6
1715.7
1715.3
1713.1
1702.1
1689.7
1688.6
1686.3
1681.6
1674.5
1667.5
1667.1
1666.1
1655.2
1622.3
1619.1
1610.9
1591.6
1590.7
1587.4
1579.5
1577.1
1553.5
1551.7
1551.3
1549.8
1544.3
1540.9
1524.5
1517.4
1509.3
1502.5
1502.3
1476.7
1467.4
1455.3
1452.4
1450.5
1450.0
1446.7
1446.7
1446.1
1446.0
1416.5
1400.5
1390.5
1383.5
1382.0
1361.3
1357.0
1338.7
1337.7
1337.4
1334.0
1329.2
1327.2
1326.9
1322.8
1320.0
1311.3
1308.5
1297.0
1290.0
1285.8
1278.0
1278.0
1267.9
1259.6
1259.4
1257.5
1254.3
1246.5
1243.2
1238.7
1225.7
1224.2
1220.5
1218.3
1206.2
1189.9
1188.1
1185.7
1185.1
1180.4
1180.1
1160.7
1158.1
1151.2
1137.9
1135.4
1133.0
1129.8
1124.9
1111.3
1104.8
1097.0
1091.0
1090.3
1083.4
1061.6
1060.5
1051.0
1050.6
1049.2
1044.2
1039.4
1039.4
1036.4
1035.9
1034.9
1031.4
1026.1
1025.0
1022.6
1022.3
1014.4
1003.2
994.8
989.5
984.5
979.4
977.0
973.4
972.2
972.0
970.2
963.7
961.3
960.5
960.3
957.4
955.2
950.3
948.1
946.7
942.2
940.1
939.4
937.8
937.6
936.3
933.7
932.7
930.4
923.2
922.4
922.1
920.8
917.2
915.0
914.0
896.9
894.0
891.4
891.0
888.0
882.0
878.8
877.4
875.6
874.0
872.4
868.3
866.4
864.7
863.7
862.4
861.7
857.6
854.6
853.3
851.5
851.4
851.3
851.3
844.0
843.6
843.3
842.9
841.9
