4907.8
4907.8
4907.8
4891.4
4852.1
4838.6
4838.6
4784.2
4784.2
4784.2
4784.2
4740.0
4710.6
4710.6
4658.6
4658.6
4658.6
4650.0
4650.0
4650.0
4578.5
4578.5
4578.5
4571.3
4543.1
4543.1
4543.1
4543.1
4543.1
4543.1
4543.1
4543.1
4543.1
4534.9
4534.9
4491.0
4491.0
4445.5
4444.1
4434.1
4406.9
4400.5
4396.3
4354.7
4354.2
4354.2
4354.2
4354.2
4354.2
4354.1
4354.1
4354.1
4354.1
4278.8
4261.0
4261.0
4261.0
4261.0
4254.0
4254.0
4216.9
4216.9
4216.9
4216.9
4216.9
4215.6
4215.6
4215.6
4215.6
4205.2
4181.1
4181.1
4181.1
4181.1
4180.5
4155.0
4155.0
4136.4
4136.4
4136.4
4136.4
4136.4
4136.4
4124.9
4124.9
4108.9
4100.1
4100.1
4100.1
4100.1
4072.7
4047.0
4047.0
4047.0
4047.0
4047.0
4047.0
4047.0
4047.0
4047.0
3999.3
3999.3
3999.3
3962.5
3962.5
3962.5
3962.5
3911.5
3911.5
3895.1
3887.2
3882.7
3872.5
3872.5
3868.8
3868.8
3868.8
3868.8
3868.8
3868.8
3868.8
3868.8
3868.8
3868.2
3868.2
3868.2
3868.2
3868.2
3868.2
3868.2
3861.8
3861.8
3859.3
3859.3
3859.3
3859.3
3859.3
3859.3
3787.6
3772.1
3772.1
3772.1
3772.1
3765.8
3765.8
3765.8
3765.8
3765.8
3765.8
3699.0
3692.4
3692.4
3692.4
3692.4
3692.4
3680.2
3680.2
3680.2
3680.2
3680.2
3680.2
3680.2
3667.5
3649.3
3615.1
3615.1
3615.1
3610.4
3610.4
3610.4
3610.4
3610.4
3610.4
3610.4
3610.4
3610.4
3610.4
3609.4
3579.5
3579.5
3579.5
3579.5
3579.5
3574.1
3574.1
3574.1
3574.1
3574.1
3574.1
3574.1
3573.0
3573.0
3573.0
3573.0
3573.0
3573.0
3566.1
3566.1
3566.1
3566.1
3566.1
3566.1
3561.0
3556.3
3556.3
3541.2
3541.2
3541.2
3541.2
3539.5
3539.5
3539.5
3539.5
3539.5
3539.5
3539.5
3539.5
3539.5
3506.8
3505.0
3505.0
3505.0
3485.1
3431.7
3431.7
3431.7
3431.7
3431.7
3431.7
3431.7
3431.7
3421.6
3412.9
3412.9
3412.9
3412.9
3412.9
3412.9
3412.9
3412.9
3412.9
3377.4
3377.4
3377.4
3370.7
3370.7
3370.7
3369.3
3369.3
3369.3
3369.3
3369.3
3369.3
3369.3
3369.3
3369.3
3369.3
3369.3
3369.3
3369.3
3369.3
3369.3
3369.3
3337.8
3329.4
3329.4
3329.4
3329.4
3329.4
3329.4
3329.4
3329.4
3329.4
3329.1
3329.1
3324.1
3299.2
3299.2
3263.2
3263.2
3263.2
3263.2
3263.2
3263.2
3263.2
3257.2
3250.7
3250.7
3250.7
3250.7
3250.7
3250.7
3250.7
3250.7
3246.7
3246.7
3246.7
3246.7
3246.7
3243.0
3243.0
3243.0
3243.0
3243.0
3243.0
3243.0
3211.3
3211.3
3211.3
3211.3
3211.3
3211.3
3211.3
3211.3
3211.3
3211.3
3211.3
3211.3
3211.3
3211.3
3196.8
3196.8
3196.8
3189.2
3180.6
3180.6
3180.6
3180.6
3180.6
3180.6
3180.6
3180.6
3180.6
3180.6
3180.6
3180.6
3180.6
3180.6
3180.6
3180.6
3180.6
3180.6
3180.6
3180.6
3180.5
3180.5
3180.5
3180.5
3180.5
3180.5
3180.5
3180.5
3180.5
3180.5
3178.3
3145.8
3145.8
3145.8
3145.8
3145.8
3145.8
3145.8
3145.8
3145.8
3145.8
3145.8
3145.8
3145.8
3145.8
3145.8
3145.8
3145.8
3145.8
3145.8
3134.8
3134.8
3123.1
3123.1
3123.1
3123.1
3123.1
3083.3
3083.3
3083.3
3083.3
3083.3
3073.3
3073.3
3073.3
3072.7
3026.1
2981.6
2974.4
2974.4
2974.4
2974.4
2974.4
2973.0
2973.0
2973.0
2973.0
2973.0
2969.9
2969.9
2969.9
2969.9
2969.9
2969.9
2969.9
2969.9
2969.9
2969.9
2969.9
2969.9
2969.9
2969.9
2969.9
2969.9
2969.9
2969.9
2969.9
2969.9
2969.9
2969.9
2969.9
2969.9
2952.9
2952.9
2952.9
2952.9
2952.9
2952.9
2947.4
2947.4
2947.4
2916.5
2916.5
2916.5
2916.5
2916.5
2916.5
2906.3
2906.3
2906.3
2906.3
2906.3
2884.8
2884.8
2863.7
2863.7
2863.7
2863.7
2807.1
2807.1
2807.1
2807.1
2807.1
2807.1
2807.1
2807.1
2807.1
2807.1
2807.1
2807.1
2807.1
2807.1
2807.1
2807.1
2807.1
2764.0
2764.0
2764.0
2760.6
2760.3
2760.3
2737.2
2737.2
2737.2
2737.2
2737.2
2715.2
2715.2
2715.2
2715.2
2715.2
2715.2
2715.2
2712.1
2679.6
2679.6
2679.6
2679.6
2679.6
2679.6
2679.6
2679.6
2679.6
2679.6
2679.6
2679.6
2679.6
2679.6
2679.6
2679.6
2679.6
2679.6
2679.6
2679.6
2665.9
2665.9
2665.9
2665.9
2655.3
2655.3
2655.3
2639.6
2639.6
2639.6
2639.6
2639.6
2639.6
2639.6
2639.6
2639.6
2639.6
2639.6
2639.6
2639.6
2639.6
2639.6
2639.6
2632.3
2632.3
2632.3
2632.3
2632.3
2632.3
2632.3
2632.3
2632.3
2632.3
2632.3
2632.3
2632.3
2632.3
2632.3
2632.3
2632.3
2632.3
2632.3
2621.9
2621.9
2621.9
2621.9
2619.1
2619.1
2619.1
2619.1
2619.1
2619.1
2619.1
2619.1
2552.7
2552.7
2552.7
2552.7
2552.7
2552.7
2552.7
2552.7
2552.7
2552.7
2552.7
2552.7
2552.7
2552.7
2552.7
2552.7
2552.7
2552.7
2552.7
2552.7
2552.7
2552.7
2552.7
2552.7
2552.7
2546.9
2546.9
2525.1
2525.1
2525.1
2525.1
2525.1
2525.1
2525.1
2525.1
2525.1
2525.1
2525.1
2525.1
2525.1
2525.1
2525.1
2525.1
2525.1
2525.1
2525.1
2525.1
2525.1
2525.1
2525.1
2525.1
2525.1
2507.2
2507.2
2507.2
2507.2
2507.2
2444.5
2444.5
2444.5
2444.5
2444.5
2444.5
2444.5
2444.5
2444.5
2444.5
2431.1
2431.1
2431.1
2431.1
2431.1
2431.1
2431.1
2431.1
2431.1
2402.4
2402.4
2402.4
2402.4
2402.4
2402.4
2367.0
2367.0
2367.0
2348.3
2348.3
2348.3
2325.8
2325.8
2325.8
2325.8
2325.8
2325.8
2325.8
2306.1
2306.1
2306.1
2306.1
2306.1
2304.7
2304.7
2300.6
2300.6
2300.6
2300.6
2300.6
2300.6
2300.6
2300.6
2300.6
2300.6
2300.6
2300.6
2300.6
2300.6
2300.6
2300.6
2276.3
2276.3
2276.3
2249.4
2249.4
2249.4
2249.4
2249.4
2249.4
2249.4
2249.4
2249.4
2249.4
2249.4
2249.4
2249.4
2249.4
2249.4
2249.4
2249.4
2249.4
2249.4
2249.4
2249.4
2249.4
2249.4
2249.4
2249.4
2249.4
2229.9
2229.9
2229.9
2229.9
2229.9
2229.9
2229.9
2229.9
2229.9
2229.9
2229.9
2229.9
2229.9
2229.9
2229.9
2229.9
2229.9
2229.9
2229.9
2229.9
2229.9
2229.9
2229.9
2229.9
2229.9
2224.4
2224.4
2224.4
2224.4
2224.4
2224.4
2224.4
2224.4
2224.4
2224.4
2219.7
2219.7
2219.7
2219.7
2219.7
2219.7
2219.7
2219.7
2219.7
2219.7
2219.7
2219.7
2219.7
2219.7
2219.7
2219.7
2187.0
2187.0
2187.0
2187.0
2187.0
2187.0
2187.0
2187.0
2187.0
2187.0
2184.4
2184.4
2184.4
2184.4
2184.4
2184.4
2184.4
2184.4
2184.4
2184.4
2184.4
2184.4
2184.4
2184.4
2184.4
2184.4
2184.4
2184.4
2184.4
2184.4
2184.4
2184.4
2184.4
2184.4
2184.4
2184.4
2181.5
2181.5
2167.5
2167.5
2167.5
2167.5
2167.5
2167.5
2167.5
2167.5
2167.5
2167.5
2167.5
2167.5
2167.5
2167.5
2167.5
2167.5
2167.5
2167.5
2167.5
2167.5
2159.6
2158.2
2158.2
2158.2
2158.2
2158.2
2158.2
2158.2
2158.2
2158.2
2158.2
2158.2
2158.2
2158.2
2158.2
2158.2
2156.6
2156.6
2154.5
2154.5
2154.5
2154.5
2154.5
2154.5
2154.5
2149.0
2149.0
2149.0
2149.0
2149.0
2149.0
2149.0
2149.0
2149.0
2149.0
2149.0
2149.0
2149.0
2149.0
2149.0
2149.0
2149.0
2149.0
2149.0
2149.0
2149.0
2149.0
2149.0
2149.0
2149.0
2149.0
2149.0
2149.0
2149.0
2149.0
2149.0
2149.0
2149.0
2144.8
2144.8
2144.8
2144.8
2144.8
2144.8
2144.8
2144.8
2144.8
2144.8
2144.8
2144.8
2144.8
2144.8
2144.8
2144.8
2144.8
2144.8
2144.8
2144.8
2144.8
2144.8
2144.8
2144.8
2144.8
2144.8
2144.8
2144.8
2144.8
2144.8
2144.8
2144.8
2144.8
2144.8
2144.8
2144.8
2144.8
2144.8
2144.8
2078.5
2078.5
2078.5
2078.5
2078.5
2078.5
2078.5
2075.8
2075.8
2075.8
2075.8
2075.8
2075.8
2075.8
2072.7
2072.7
2072.7
2072.7
2072.7
2072.7
2072.7
2072.7
2072.7
2072.7
2072.7
2072.7
2063.1
2063.1
2063.1
2063.1
2063.1
2063.1
2063.1
2063.1
2063.1
2063.1
2063.1
2063.1
2063.1
2063.1
2063.1
2063.1
2060.5
2060.5
2060.5
2060.5
2060.5
2060.5
2060.5
2060.5
2060.5
2058.9
2058.9
2058.9
2058.9
2058.9
2058.9
2058.9
2058.9
2058.9
2058.9
2058.9
2058.9
2058.9
2058.9
2058.9
2058.9
2058.9
2058.9
2058.9
2058.9
2058.9
2058.9
2058.9
2058.9
2058.9
2058.9
2058.9
2058.9
2058.9
2058.9
2058.9
2058.9
2058.9
2058.9
2058.9
2058.9
2058.9
2058.9
2058.9
2058.9
2050.8
2050.8
2050.8
2050.8
2050.8
2050.8
2050.8
2050.8
2050.8
2050.8
2050.8
2050.8
2050.8
2050.8
2050.8
2050.8
2050.8
2050.8
2050.8
2050.8
2050.8
2050.8
2050.8
2050.8
2050.8
2050.8
2050.8
2050.8
2050.8
2050.8
2050.8
2050.8
2050.8
2050.8
2050.8
2050.8
2050.8
2050.8
2050.8
2050.8
2050.6
2050.6
2050.6
2050.6
2050.6
2050.6
2050.6
2050.6
2050.6
2050.6
2050.6
2050.6
2050.6
2050.6
2050.6
2050.6
2050.6
2050.6
2050.6
2050.6
2050.6
2050.6
2050.6
2050.6
2050.6
2050.6
2050.6
2050.6
2050.6
2050.6
2050.6
2050.6
2050.6
2050.6
2050.6
2050.6
2050.6
2050.6
2050.6
2050.6
2050.6
2050.6
2050.6
2050.6
2050.6
2050.6
2050.6
2050.6
2050.6
2050.6
2050.6
2050.6
2050.6
2050.6
2050.6
2050.6
2050.6
2050.6
2050.6
2050.6
2050.6
2050.6
2050.6
2050.6
2050.6
2050.6
2050.6
2050.6
2050.6
2050.6
2050.6
2050.6
2050.6
2050.6
2050.6
2050.6
2050.6
2050.6
2050.6
2050.6
2050.6
2050.6
2050.6
2050.6
2050.6
2050.6
2050.6
2050.6
2050.6
2050.6
2045.4
2045.4
2045.4
2045.4
2045.4
2045.4
2020.1
2020.1
2020.1
2020.1
1979.7
1979.7
1979.7
1979.7
1979.7
1979.7
1979.7
1979.7
1979.7
1979.7
1979.7
1979.7
1979.7
1979.7
1979.7
1979.7
1979.7
1979.7
1979.7
1979.7
1979.7
1979.7
1979.7
1979.7
1979.7
1979.7
1979.7
1979.7
1979.7
1979.7
1979.7
1979.7
1979.7
1979.7
1979.7
1979.7
1979.7
1979.7
1979.7
1979.7
1979.7
1979.7
1979.7
1979.7
1979.7
1979.7
1979.7
1979.7
1979.7
1979.7
1979.7
1979.7
1956.4
1956.4
1956.4
1956.4
1956.4
1956.4
1956.4
1956.4
1956.4
1956.4
1956.4
1956.4
1956.4
1956.4
1956.4
1956.4
1956.4
1956.4
1956.4
1956.4
1956.4
1956.4
1954.5
1954.5
1954.5
1943.5
1943.5
1943.5
1943.5
1943.5
1943.5
1943.5
1943.5
1943.5
1943.5
1943.5
1943.5
1943.5
1943.5
1943.5
1943.5
1895.9
1895.9
1895.9
1892.3
1892.3
1892.3
1892.3
1866.4
1850.1
1850.1
1850.1
1850.1
1850.1
1850.1
1850.1
1835.9
1835.9
1835.9
1835.9
1835.9
1835.9
1835.9
1835.9
1835.9
1835.9
1835.9
1835.9
1835.9
1835.9
1835.9
1835.9
1835.4
1835.4
1835.4
1835.4
1835.4
1835.4
1835.4
1835.4
1835.4
1835.4
1835.4
1835.4
1835.4
1835.4
1835.4
1835.4
1835.4
1835.4
1835.4
1835.4
1835.4
1835.4
1835.4
1835.4
1835.4
1835.4
1835.4
1835.4
1835.4
1835.4
1835.4
1835.4
1835.4
1835.4
1835.4
1835.4
1835.4
1801.3
1801.3
1801.3
1801.3
1801.3
1801.3
1801.3
1801.3
1801.3
1801.3
1801.3
1801.3
1801.3
1801.3
1801.3
1801.3
1801.3
1801.3
1801.3
1801.3
1801.3
1801.3
1745.9
1745.9
1745.9
1745.9
1745.9
1745.9
1745.9
1745.9
1745.9
1745.9
1745.9
1745.9
1745.1
1745.1
1745.1
1745.1
1745.1
1745.1
1745.1
1745.1
1745.1
1745.1
1745.1
1745.1
1745.1
1745.1
1745.1
1745.1
1745.1
1745.1
1745.1
1745.1
1745.1
1745.1
1745.1
1745.1
1745.1
1745.1
1718.2
1718.2
1718.2
1718.2
1718.2
1718.2
1718.2
1718.2
1718.2
1718.2
1718.2
1718.2
1718.2
1718.2
1718.2
1718.2
1718.2
1718.2
1718.2
1691.1
1691.1
1691.1
1691.1
1691.1
1691.1
1691.1
1691.1
1691.1
1691.1
1691.1
1691.1
1691.1
1691.1
1691.1
1691.1
1691.1
1691.1
1691.1
1691.1
1691.1
1691.1
1654.9
1654.9
1654.9
1654.9
1654.9
1654.9
1654.9
1654.9
1654.9
1654.9
1654.9
1654.9
1654.9
1654.9
1654.9
1654.9
1654.9
1654.9
1654.9
1654.9
1654.9
1654.9
1654.9
1627.3
1627.3
1627.3
1627.3
1624.3
1624.3
1624.3
1624.3
1624.3
1624.3
1624.3
1624.3
1624.3
1624.3
1624.3
1624.3
1624.3
1624.3
1624.3
1624.3
1624.3
1624.3
1624.3
1624.3
1624.3
1624.3
1624.3
1624.3
1624.3
1624.3
1624.3
1624.3
1624.3
1624.3
1624.3
1624.3
1624.3
1624.3
1624.3
1624.3
1624.3
1624.3
1624.3
1624.3
1624.3
1624.3
1624.3
1624.3
1624.3
1624.3
1624.3
1624.3
1624.3
1624.3
1624.3
1605.2
1605.2
1605.2
1605.2
1605.2
1605.2
1605.2
1605.2
1605.2
1605.2
1605.2
1605.2
1605.2
1605.2
1605.2
1605.2
1605.2
1605.2
1605.2
1605.2
1605.2
1605.2
1605.2
1605.2
1605.2
1605.2
1605.2
1605.2
1605.2
1605.2
1605.2
1605.2
1605.2
1605.2
1605.2
1605.2
1605.2
1605.2
1605.2
1605.2
1605.2
1605.2
1605.2
1605.2
1605.2
1605.2
1605.2
1605.2
1605.2
1605.2
1605.2
1605.2
1605.2
1605.2
1605.2
1605.2
1605.2
1605.2
1605.2
1605.2
1605.2
1604.9
1604.9
1604.9
1604.9
1604.9
1604.9
1604.9
1604.9
1604.9
1604.9
1604.9
1604.9
1604.9
1604.9
1604.9
1604.9
1604.9
1604.9
1604.9
1604.9
1604.9
1604.9
1604.9
1604.9
1604.9
1604.9
1604.9
1604.9
1604.9
1597.7
1597.7
1597.7
1597.7
1597.7
1597.7
1597.7
1597.7
1597.7
1597.7
1597.7
1587.9
1587.9
1587.9
1587.9
1587.9
1587.9
1587.9
1587.9
1587.9
1587.9
1587.9
1584.7
1584.7
1584.7
1584.7
1584.7
1584.7
1584.7
1584.7
1584.7
1584.7
1584.7
1584.7
1584.7
1584.7
1584.7
1584.7
1584.7
1584.7
1577.4
1577.4
1577.4
1577.4
1577.4
1577.4
1577.4
1577.4
1577.4
1577.4
1577.4
1577.4
1577.4
1577.4
1577.4
1577.4
1577.4
1577.4
1577.4
1577.4
1577.4
1577.4
1577.4
1577.4
1577.4
1577.4
1577.4
1577.4
1577.4
1577.4
1577.4
1577.4
1577.4
1577.4
1577.4
1577.4
1577.4
1577.4
1577.4
1577.4
1577.4
1577.4
1577.4
1577.4
1577.4
1577.4
1577.4
1577.4
1577.4
1577.4
1577.4
1577.4
1577.4
1563.8
1563.8
1563.8
1563.8
1563.8
1563.8
1563.8
1563.8
1563.8
1563.8
1563.8
1563.8
1563.8
1563.8
1563.8
1563.8
1563.8
1563.8
1563.8
1563.8
1563.8
1563.8
1563.8
1563.8
1563.8
1563.8
1563.8
1563.8
1563.8
1563.8
1563.8
1563.8
1563.8
1563.8
1563.8
1563.8
1563.8
1563.8
1563.8
1563.8
1563.8
1563.8
1563.8
1563.8
1563.8
1563.8
1563.8
1563.8
1563.8
1563.8
1563.8
1563.8
1563.8
1563.8
1563.8
1563.8
1563.8
1563.8
1563.8
1563.8
1563.8
1563.8
1563.8
1563.8
1563.8
1563.8
1563.8
1563.8
1563.8
1563.8
1563.8
1563.8
1563.8
1563.8
1563.8
1563.8
1563.8
1563.8
1563.8
1563.8
1563.8
1563.8
1563.8
1563.8
1563.8
1563.8
1563.8
1563.8
1563.8
1563.8
1563.8
1563.8
1563.8
1563.8
1563.8
1563.8
1563.8
1563.8
1563.8
1563.8
