5508.0
5400.6
5273.7
5141.4
5057.2
4947.8
4831.8
4708.3
4593.6
4435.6
4324.2
4245.3
4159.3
4073.0
4010.9
3934.4
3854.6
3744.5
3636.4
3546.6
3464.4
3378.6
3308.5
3202.0
3141.5
3016.0
2945.5
2874.6
2837.2
2730.6
2659.4
2632.9
2574.4
2498.2
2464.3
2433.6
2399.4
2369.6
2321.4
2295.8
2249.6
2224.4
2181.1
2149.2
2116.6
2109.4
2067.2
2041.3
2029.0
2005.0
1985.0
1963.0
1936.8
1913.4
1898.6
1871.3
1846.7
1826.6
1815.0
1800.7
1787.4
1759.4
1746.9
1692.1
1681.2
1641.6
1630.3
1620.2
1604.0
1575.2
1541.3
1534.6
1513.5
1509.0
1504.9
1495.5
1487.6
1473.5
1468.7
1449.4
1443.4
1425.9
1403.3
1362.1
1343.6
1330.2
1311.9
1293.9
1293.1
1285.4
1279.1
1270.8
1268.9
1250.2
