-11.32,-17.94,2.49,11.07
-9.13,4.08,17.13,94.51
-24.75,-15.6,-27.06,-65.79
-27.43,-11.52,-5.2,18.13
10.93,7.82,9.1,51.54
13.97,14.54,-21.8,-30.48
25.93,-23.55,-2.47,-58.89
-5.99,29.82,7.97,105.42
9.96,-18.71,-23.31,-91.35
-11.8,2.1,15.7,84.29
-24.62,25.53,-15.49,56.22
-15.43,-13.31,12.55,48.9
-12.49,4.49,-14.59,-0.39
24.63,-16.91,-15.2,-86.27
-17.19,-10.62,-2.05,7.55
17.46,2.03,-20.54,-53.54
17.53,-13.37,-11.46,-50.79
1.84,6.34,-9.68,5.46
-3.16,-1.96,13.44,63.36
-26.43,-15.74,13.48,61.67
1.25,24.44,18.72,126.45
-19.16,2.1,-24.37,-24.82
29.93,-9.25,-16.25,-69.72
11.79,-10.12,22.93,60.54
27.61,27.06,6.16,67.79
-11.3,-8.0,11.72,53.01
12.25,25.9,-27.41,-15.52
10.46,-28.2,14.77,-0.7
28.35,16.96,-2.2,21.14
2.22,-2.86,12.1,55.69
27.16,10.88,-17.3,-32.5
-27.4,16.74,14.1,127.62
25.87,16.18,-2.8,20.61
-27.99,9.39,-20.61,8.14
19.71,-21.56,8.34,-14.19
8.22,16.11,6.86,67.33
18.9,24.95,-0.99,51.36
-19.36,-26.55,-11.76,-48.17
-12.32,12.99,15.95,104.68
2.88,-15.2,-5.76,-27.59
5.58,10.03,-20.38,-23.74
20.61,-20.26,-17.2,-86.04
29.72,1.87,-28.67,-90.38
10.61,-29.86,-23.23,-110.48
17.94,-9.81,-12.69,-52.67
-25.66,8.2,19.21,122.32
-22.38,-1.63,-26.86,-38.17
3.84,-1.55,-16.18,-37.81
26.09,-12.86,-27.63,-110.07
12.94,-16.68,-5.9,-38.63
-28.11,13.61,13.77,120.87
21.74,-18.86,-14.28,-83.19
16.14,-10.06,4.17,-6.86
-8.22,8.8,16.01,100.0
-19.48,-19.51,-5.85,-17.93
-1.22,25.21,1.82,78.16
15.46,-16.4,-1.81,-31.42
9.76,0.27,-20.72,-47.55
-6.03,-1.59,29.3,108.12
-16.22,0.39,-23.28,-25.39
15.92,19.62,-28.01,-35.18
5.17,-5.97,-18.83,-57.1
-21.91,6.38,23.46,132.25
-12.64,6.65,13.54,95.18
-6.42,-21.92,-15.18,-56.84
24.9,-4.79,-29.6,-97.05
-28.97,-11.17,22.51,95.09
18.31,4.51,-27.15,-66.84
-24.75,-5.47,-12.99,-1.7
19.36,-19.74,-11.4,-67.02
9.43,5.8,-29.99,-70.0
11.32,8.26,-27.06,-54.87
14.85,-23.01,-19.49,-96.25
3.69,16.77,-14.45,11.39
28.12,-18.86,-23.19,-109.74
17.31,9.98,-0.19,25.73
12.58,-18.58,6.02,-11.03
-19.09,-2.64,27.06,117.91
-13.17,-9.97,27.87,100.93
8.4,28.02,-12.17,39.1
-7.14,-6.89,21.65,78.14
-11.17,23.79,18.5,139.68
1.95,20.39,25.05,137.18
9.25,-2.46,-8.28,-16.69
7.81,22.8,27.82,148.6
13.68,-3.11,25.53,77.24
15.3,-23.2,18.12,14.02
-9.63,-5.05,25.44,92.55
-25.02,-27.45,29.98,87.64
-3.57,-7.78,-9.34,-15.87
-12.44,-27.54,-2.06,-23.3
28.87,21.6,16.48,80.65
-24.04,-9.52,11.35,59.93
22.96,-24.83,-7.82,-76.64
20.65,-28.42,24.52,19.93
6.06,26.32,-16.34,18.06
-9.95,-2.45,15.64,73.15
-28.35,-25.94,-22.78,-73.25
-13.28,-4.18,-9.0,1.02
24.2,18.5,18.91,90.25
19.04,7.61,22.49,87.21
17.35,27.84,-25.53,-17.12
-15.29,-12.08,10.75,44.69
12.63,-23.61,7.65,-15.66
20.08,-29.37,1.03,-53.6
-21.44,0.28,4.64,57.25
11.4,28.39,8.35,91.91
-4.96,-8.33,12.68,52.78
5.43,-26.58,25.3,48.03
-8.25,-29.42,19.93,33.84
7.81,13.85,-29.58,-44.94
-2.71,-19.03,-8.44,-39.49
-2.77,-6.23,14.24,54.31
25.17,-27.86,-23.99,-130.19
-27.69,-10.16,-27.7,-55.6
-11.98,14.54,-17.22,13.21
-28.02,11.3,-10.91,42.85
13.66,2.51,-20.39,-46.72
1.85,25.76,8.42,94.18
29.51,2.5,-6.21,-16.73
13.63,25.16,8.61,81.19
14.57,1.45,10.73,45.39
-3.24,3.49,-1.95,27.37
-14.26,8.96,11.35,88.38
-25.46,29.55,-17.55,56.29
5.6,19.06,-9.33,31.0
-7.07,-22.52,17.84,42.23
-22.11,-22.06,-21.7,-63.29
-29.67,-25.62,19.21,54.63
-8.86,24.78,-27.57,3.25
-27.28,-5.65,12.14,72.28
-2.16,20.79,-28.85,-22.27
15.73,-27.45,4.42,-28.31
24.89,-10.09,-8.8,-51.81
-21.7,17.76,-2.12,74.77
23.1,5.09,15.13,54.42
-21.26,-16.12,-4.04,0.68
6.27,-19.14,-13.43,-64.83
7.4,-0.24,12.08,46.62
0.98,18.66,-28.84,-25.34
-16.06,5.13,10.82,84.3
-29.62,17.85,6.29,103.68
-25.41,-10.27,20.78,88.97
-6.9,-25.08,15.27,30.2
17.57,-28.87,-20.21,-109.92
-6.14,8.51,-2.24,42.43
1.68,-19.18,28.91,73.62
-18.34,-16.97,14.42,48.12
25.23,-12.35,26.56,58.27
-11.78,-29.14,7.97,4.96
-15.72,-18.01,-23.61,-75.0
-6.95,6.18,19.59,99.61
-23.78,-22.55,-13.43,-41.45
-20.49,19.21,10.3,111.43
14.36,-29.06,-21.48,-114.64
-25.45,22.06,-27.57,8.44
-17.2,29.07,3.25,109.13
-17.37,-12.84,-26.89,-65.95
27.89,-1.03,13.74,33.96
24.24,24.59,26.06,131.12
13.85,15.84,16.03,89.53
-28.65,-27.52,-19.35,-59.09
15.34,29.03,-9.62,39.83
29.41,25.33,-5.48,29.93
27.43,-4.98,14.38,30.05
-24.52,8.92,26.94,144.49
-28.83,-22.94,15.39,52.17
16.09,-24.37,-8.34,-63.32
-29.61,-15.54,2.45,28.77
20.33,29.28,20.39,122.61
-26.42,-4.12,24.21,116.6
-27.27,-4.56,20.47,100.3
16.17,11.39,-9.27,-1.63
29.83,20.48,29.91,127.55
-1.09,-27.31,14.41,10.4
-25.28,19.64,-28.67,-0.37
-7.6,-1.22,11.4,65.27
3.57,0.54,4.98,39.88
23.51,-19.71,-23.49,-113.05
10.89,24.07,-3.05,47.88
16.39,2.08,-22.73,-60.84
-26.6,-10.75,-7.45,7.69
-23.9,10.21,13.88,106.39
-7.43,21.6,1.77,73.6
-7.57,-19.19,20.56,48.74
-8.25,-18.47,23.01,65.03
25.21,26.65,-28.58,-30.49
-23.45,19.98,-16.88,34.68
18.64,-18.32,21.38,27.45
-6.38,27.1,-25.89,10.59
18.12,-8.09,-23.9,-79.76
-29.83,12.69,28.25,162.53
4.05,-10.22,-11.38,-35.04
-8.66,-17.64,8.39,22.94
-17.66,-29.06,23.75,52.44
25.44,-1.32,21.42,61.28
23.15,29.17,-10.75,26.13
-11.8,-20.91,-10.27,-37.88
-0.95,-27.06,-4.41,-42.39
3.45,-8.55,-17.77,-47.02
-17.28,-7.86,-14.4,-19.57
-6.99,24.62,-4.45,64.66
-11.59,-16.32,18.37,53.09
-21.1,-27.26,1.44,-7.93
-11.32,-19.19,23.78,68.74
3.2,-9.51,-9.05,-25.24
14.11,15.23,16.54,89.01
11.15,-21.31,3.18,-24.57
9.83,-16.66,-25.12,-98.06
-12.39,-21.99,-19.44,-70.16
7.92,-26.42,-19.22,-91.56
-13.65,5.43,-27.97,-40.52
23.25,21.88,-27.53,-37.94
-19.6,-28.78,-21.37,-80.4
-10.71,27.03,2.05,89.35
19.41,9.45,21.4,88.52
-22.13,-27.71,6.63,5.51
27.21,-17.89,-21.51,-103.2
21.98,6.41,-5.63,-0.36
-19.8,3.92,-14.97,8.48
-26.84,-15.29,13.12,60.78
-8.28,9.34,-8.78,30.62
16.72,24.37,-9.13,18.12
23.29,12.79,-20.0,-34.27
-24.22,-25.26,-11.49,-39.5
6.44,-27.26,-3.16,-49.73
-24.68,-8.39,-10.58,0.17
24.91,-20.37,-23.75,-112.91
-23.12,-23.72,-8.63,-30.17
7.91,13.58,10.07,71.56
-8.93,27.14,-12.3,48.35
-28.46,-17.06,15.18,59.68
-5.88,27.13,-16.39,33.48
11.32,-29.38,-23.61,-115.29
-3.46,-3.09,14.9,66.92
-25.64,5.46,13.65,101.8
-3.32,2.4,-0.8,28.35
7.13,-27.37,6.15,-22.0
28.01,-10.35,2.98,-16.01
6.11,6.08,-16.2,-23.21
12.45,-27.32,-13.5,-84.82
-29.5,-5.19,12.12,80.98
22.96,-8.55,-28.69,-103.92
-1.79,5.78,3.78,46.17
28.92,-0.81,27.11,72.75
13.78,26.27,-9.38,33.92
28.47,-24.57,17.65,-1.43
-14.49,3.56,-20.72,-17.65
-28.97,-21.95,0.54,9.08
28.31,-18.25,-21.37,-107.9
27.11,16.38,20.32,89.69
26.59,28.49,-14.9,15.7
-1.88,2.3,22.35,98.9
-1.09,-6.55,6.93,27.56
-8.47,0.89,25.96,110.11
-12.51,8.85,22.38,120.88
-28.59,16.83,-5.63,72.63
2.33,-14.26,-3.0,-16.67
-8.01,17.38,28.88,152.17
15.97,8.89,-14.15,-14.0
-28.71,8.63,24.55,146.28
10.69,-22.94,17.95,15.84
-15.68,8.62,-21.37,-6.42
26.23,-2.55,-20.78,-74.04
12.58,13.28,9.73,61.56
-7.37,29.1,-24.69,12.15
1.84,-10.1,-0.6,-0.95
14.96,15.7,23.42,108.37
0.09,-7.7,-27.76,-80.28
20.29,2.18,-21.77,-59.1
-20.13,4.32,10.46,85.16
13.54,23.86,-17.15,10.6
4.39,7.16,21.91,101.92
1.46,-10.12,22.59,69.88
13.72,-21.26,-18.16,-87.34
12.22,2.43,-29.09,-76.89
-4.74,-27.75,8.86,8.74
-15.45,-10.41,-4.0,-5.73
-5.57,10.15,-24.95,-28.07
-9.26,27.78,-6.19,71.53
6.26,-13.35,21.25,53.54
-6.91,25.55,-20.92,22.11
-29.42,-17.7,-17.09,-33.86
13.41,-24.42,0.82,-35.94
-20.37,24.17,18.87,145.58
8.96,-23.78,-26.99,-113.25
3.12,25.55,-16.79,13.69
14.77,-6.84,-13.15,-42.43
-16.46,9.99,20.09,116.81
-29.3,18.21,-28.3,1.0
15.26,-15.32,11.81,12.34
-18.31,-21.06,24.09,68.06
12.78,26.38,-20.71,0.95
6.46,-18.82,25.37,54.84
14.99,-24.22,25.32,34.87
-17.34,22.27,1.44,92.86
-6.75,10.12,11.24,86.48
16.63,25.64,9.97,89.16
-17.47,-26.76,8.27,8.21
-23.07,-25.18,-23.8,-77.58
-8.95,-17.35,-21.74,-69.69
22.61,28.11,-10.99,24.1
-8.94,-28.53,-19.69,-86.12
-28.03,2.1,17.89,113.88
-26.62,4.5,-21.77,-9.45
-17.16,3.1,6.22,69.95
-20.78,26.6,-15.92,49.09
-10.96,-15.32,-2.86,-3.64
-1.37,8.76,8.48,67.95
-7.55,28.14,-1.98,75.11
10.55,-23.84,-14.56,-82.98
25.63,18.36,-20.63,-23.48
-29.16,27.75,-6.64,87.79
4.55,-10.54,10.08,22.77
-21.67,-23.25,26.52,76.11
13.49,0.57,22.83,79.74
-5.29,20.32,-27.55,-14.23
24.64,15.11,-25.24,-50.29
6.49,-12.67,15.65,42.56
17.8,20.68,7.17,71.06
-1.82,-11.95,-6.76,-19.33
0.85,-17.35,-22.12,-80.96
19.61,-3.67,20.79,63.5
14.71,0.39,-25.33,-67.43
-11.04,6.78,-18.44,-10.09
-25.67,-0.51,20.79,110.34
1.69,14.54,-20.43,-7.53
-1.06,27.6,-5.1,62.84
-10.0,17.26,23.22,138.76
-0.16,11.83,-16.11,-1.63
24.11,-11.02,-20.64,-81.05
4.88,-6.4,-3.56,-7.41
-21.26,0.59,-0.92,43.34
-18.31,29.1,10.74,130.55
24.62,-18.71,-0.64,-44.14
-16.89,-4.39,0.34,33.03
26.95,-3.24,27.15,72.24
-2.39,-20.67,-16.38,-60.64
-8.52,-26.19,6.2,-4.23
-7.7,17.76,-6.88,43.81
7.39,12.18,19.09,97.89
21.69,15.39,-19.54,-24.92
-27.72,-20.47,-17.01,-43.34
29.81,24.3,1.22,47.76
-3.75,-3.36,-22.78,-49.91
-24.43,-28.72,-23.86,-87.79
-14.94,-19.26,-6.4,-22.92
3.62,-8.87,-13.52,-41.23
-1.17,1.76,-9.55,-1.81
-15.0,-6.43,-25.35,-47.18
-28.73,-6.46,12.34,74.88
-19.72,-22.05,-9.08,-36.99
-17.31,26.64,-24.25,17.69
22.02,-24.43,-28.38,-133.36
6.94,24.14,-17.94,7.47
-22.55,-6.9,20.5,95.62
21.09,4.19,24.36,79.01
29.33,12.37,12.48,52.23
20.73,15.52,-27.03,-49.72
-11.99,-19.22,18.9,55.38
24.31,7.62,17.3,72.84
-22.42,26.5,26.29,180.78
26.14,21.75,22.58,105.3
5.55,-5.79,24.6,79.18
19.75,-17.44,26.59,50.05
-10.87,2.4,-1.77,32.84
12.64,-12.83,7.86,7.34
25.99,7.69,8.01,30.46
7.29,-17.33,-29.07,-107.19
12.69,-29.32,-9.48,-76.08
3.57,-3.23,13.75,55.26
2.25,-27.92,-29.32,-123.16
-9.33,6.33,-20.81,-19.94
24.42,20.93,-3.5,31.94
-18.09,-29.85,-29.87,-104.51
-0.41,-6.92,-6.21,-12.12
-19.22,1.66,-12.18,7.06
4.12,-25.7,-14.09,-75.63
16.13,19.92,-5.18,28.69
21.69,3.76,-21.78,-55.04
20.42,-19.07,17.44,15.28
-16.71,8.32,-27.25,-29.94
27.06,11.1,4.88,29.55
-9.65,21.23,-26.09,-3.97
11.75,8.93,0.4,29.54
-0.51,-9.2,-6.82,-16.43
-14.23,13.91,6.39,88.92
-29.18,-21.58,5.77,21.98
-19.25,15.83,-0.03,74.5
-27.07,21.18,12.04,130.92
9.87,-11.1,3.64,-1.48
5.37,24.81,8.08,88.32
25.91,15.94,-7.34,10.12
5.79,28.57,-29.6,-11.97
2.68,20.79,-2.27,57.65
22.98,-26.94,-13.91,-98.81
17.1,6.73,17.46,76.88
-8.24,19.58,-22.89,3.02
16.25,-10.54,24.99,57.68
-25.43,3.35,-6.87,30.33
-19.48,-27.9,-23.05,-86.49
8.88,-24.84,-27.6,-115.92
-0.14,-19.15,7.87,6.35
-13.26,-1.8,16.48,85.03
16.8,-0.84,14.53,49.72
-5.6,24.53,-20.43,13.3
15.11,-21.48,-10.0,-61.4
9.41,-11.57,-3.8,-22.32
-25.96,29.18,-23.93,36.0
21.21,26.22,20.84,119.89
-12.24,1.4,-20.55,-23.82
27.51,-19.23,3.68,-32.01
-4.35,1.76,4.21,47.07
18.05,-16.77,1.76,-24.45
17.5,4.7,4.07,28.99
-6.2,-12.14,10.54,34.87
-20.85,1.75,-1.28,42.96
-27.88,-13.08,-0.14,21.88
-15.46,2.98,-12.13,5.76
22.17,12.44,-6.42,3.04
17.45,25.1,27.19,137.81
-28.42,-19.65,-6.89,-8.66
12.26,-23.66,-18.13,-84.64
-15.3,-4.72,-28.27,-60.81
29.62,7.21,-29.22,-76.69
18.95,-5.74,25.42,70.26
24.48,-10.67,-24.01,-95.25
29.65,22.05,22.08,100.45
8.26,13.01,0.97,46.78
11.0,1.33,3.54,22.16
11.72,7.67,5.25,32.77
8.05,-25.57,-16.36,-84.28
-9.48,22.44,-0.84,75.68
-25.01,-2.97,6.61,59.89
14.06,-2.24,22.0,71.34
-10.28,-8.65,23.86,81.5
6.29,-24.65,-28.44,-124.41
6.56,-28.73,-9.91,-72.96
-25.33,17.38,3.23,92.76
22.3,12.41,8.44,50.21
19.4,-21.58,10.4,-7.47
26.09,-0.77,23.38,66.52
-13.27,-6.99,-1.23,21.06
1.72,-12.11,1.48,0.84
6.11,-1.53,-15.75,-30.37
-1.79,-4.1,6.58,41.72
18.08,-10.41,-19.34,-67.52
12.26,-8.58,10.27,27.06
8.48,14.21,-22.28,-28.76
1.66,-20.1,-17.82,-74.48
-29.55,-3.56,27.9,128.18
-20.12,-4.48,-20.86,-20.86
-10.48,-0.76,16.45,82.87
1.41,-13.79,-5.64,-21.99
-7.43,-16.55,-13.57,-44.6
27.32,-25.48,-5.8,-73.44
26.41,21.77,25.29,114.08
7.54,13.8,-25.15,-36.93
12.9,-28.86,4.91,-29.53
-16.79,1.49,9.15,67.68
-9.46,-17.58,2.09,-1.45
24.77,-9.81,-13.1,-53.26
-12.84,-18.69,-10.4,-31.96
-27.59,-22.9,26.5,86.93
11.98,16.26,11.58,79.74
18.95,-26.08,8.68,-19.65
-16.52,14.38,3.87,77.88
27.71,24.61,27.55,127.71
-25.3,19.6,0.82,86.28
-17.47,-4.98,18.14,86.57
8.34,-9.29,-12.82,-42.04
-29.73,-10.12,18.95,86.0
-23.11,-3.46,4.07,58.32
-15.64,13.17,21.02,127.0
23.44,10.4,-23.88,-45.1
-3.52,-5.99,4.12,27.34
-16.83,-10.23,-3.46,13.71
-3.49,-6.66,-27.06,-71.75
-22.04,-5.88,-0.29,28.95
-10.97,10.72,15.91,98.16
16.13,-8.41,29.93,77.42
9.11,4.88,-14.7,-18.02
16.24,-2.23,-26.26,-75.79
-14.04,13.89,-9.16,38.55
-16.21,-23.15,-27.82,-90.75
-25.66,25.39,5.92,110.75
15.48,-18.07,15.02,16.47
17.79,20.08,6.25,63.25
-24.45,-20.98,2.35,12.98
-3.52,-14.6,-9.88,-32.66
-8.14,-11.56,-21.99,-58.6
-0.45,11.97,-1.07,41.15
-25.1,-29.89,23.27,57.76
26.19,-10.56,17.61,30.48
26.23,-26.87,-29.01,-142.72
-2.63,-20.78,12.57,18.69
-16.4,-24.02,19.85,53.25
3.64,2.61,-22.55,-45.05
-2.57,-21.31,0.02,-23.49
-26.65,-28.69,18.25,48.1
