5151.6
5140.9
5140.9
5140.9
5140.9
5140.9
5139.6
5139.6
5139.6
5139.6
5080.7
5027.3
5027.3
5027.3
5027.3
5027.3
4988.5
4970.6
4970.6
4970.6
4970.6
4970.6
4970.6
4970.6
4932.4
4903.1
4903.1
4836.5
4825.8
4808.1
4808.1
4808.1
4808.1
4808.1
4808.1
4808.1
4802.9
4802.9
4802.9
4802.9
4746.2
4734.6
4733.6
4689.5
4663.5
4663.5
4629.3
4629.3
4619.5
4599.5
4599.5
4599.5
4567.6
4567.6
4558.2
4528.8
4502.4
4502.4
4492.6
4492.6
4478.4
4468.2
4468.2
4468.2
4468.2
4468.2
4431.6
4344.9
4344.9
4310.4
4310.4
4307.8
4238.4
4238.4
4238.4
4238.4
4238.4
4238.4
4238.4
4214.1
4214.1
4214.1
4214.1
4214.1
4214.1
4203.7
4203.7
4203.7
4203.7
4203.7
4203.7
4172.6
4162.0
4135.3
4135.3
4135.3
4135.3
4135.3
4121.1
4121.1
4121.1
4121.1
4121.1
4121.1
4121.1
4121.1
4091.2
4091.2
4073.3
4073.3
4073.3
4068.2
4068.2
4068.2
4068.2
4068.2
4068.2
4061.3
4054.1
4054.1
4018.0
4018.0
4018.0
4018.0
4015.7
4015.7
4015.7
4015.7
4013.8
3979.4
3924.0
3907.3
3907.3
3907.3
3907.3
3907.3
3907.3
3906.0
3906.0
3906.0
3906.0
3906.0
3842.4
3842.4
3842.4
3831.5
3831.5
3831.5
3831.5
3831.5
3831.5
3831.5
3831.5
3831.5
3831.5
3831.5
3831.5
3822.7
3798.8
3798.8
3798.8
3725.4
3725.4
3720.0
3720.0
3720.0
3720.0
3720.0
3720.0
3720.0
3720.0
3720.0
3720.0
3720.0
3720.0
3720.0
3719.2
3719.2
3719.2
3719.2
3719.2
3719.2
3715.3
3709.8
3709.8
3674.0
3674.0
3674.0
3674.0
3674.0
3674.0
3656.2
3656.2
3656.2
3656.2
3656.2
3656.2
3646.1
3601.7
3601.7
3601.7
3599.7
3599.7
3599.7
3557.2
3557.2
3557.2
3557.2
3547.5
3547.5
3547.5
3547.5
3534.2
3534.2
3534.2
3534.2
3501.9
3501.9
3501.9
3501.9
3501.9
3501.9
3486.4
3486.4
3465.9
3465.9
3465.9
3432.3
3432.3
3411.2
3411.2
3411.2
3411.2
3411.2
3411.2
3411.2
3368.6
3368.6
3365.4
3365.4
3365.4
3365.4
3365.4
3365.4
3365.4
3365.4
3365.4
3365.4
3333.0
3286.3
3286.3
3286.3
3286.3
3286.3
3286.3
3286.3
3284.7
3247.3
3239.7
3239.7
3239.7
3239.7
3239.7
3239.7
3239.3
3239.3
3239.3
3239.3
3239.3
3239.3
3198.0
3198.0
3191.0
3191.0
3191.0
3191.0
3191.0
3191.0
3191.0
3191.0
3191.0
3191.0
3191.0
3191.0
3182.7
3182.7
3182.7
3182.7
3182.7
3182.7
3182.7
3182.7
3182.7
3182.7
3182.7
3182.7
3165.4
3120.5
3120.5
3120.5
3103.0
3103.0
3098.9
3098.9
3079.5
3079.5
3079.5
3079.5
3079.5
3079.5
3079.5
3079.5
3079.5
3079.5
3079.5
3079.5
3079.5
3079.5
3079.5
3079.5
3079.5
3079.5
3079.5
3079.5
3079.5
3079.5
3066.6
3066.6
3047.4
3047.4
3047.4
3047.4
3047.4
3047.4
2991.6
2991.6
2991.6
2991.6
2991.6
2963.3
2963.3
2963.3
2963.3
2963.3
2943.5
2943.5
2943.5
2943.5
2943.5
2943.5
2943.5
2943.5
2943.5
2943.5
2943.5
2943.5
2943.5
2943.5
2943.5
2943.5
2939.7
2939.7
2939.7
2939.7
2938.2
2938.2
2938.2
2938.2
2938.2
2938.2
2938.2
2938.2
2937.6
2937.6
2937.6
2937.6
2937.6
2937.6
2937.6
2937.6
2937.6
2937.6
2937.6
2937.6
2937.6
2937.6
2937.6
2937.6
2937.6
2937.6
2937.6
2937.6
2937.6
2937.6
2937.6
2937.6
2937.6
2937.6
2937.6
2937.6
2937.6
2937.6
2937.6
2937.6
2937.6
2937.6
2937.6
2937.6
2937.6
2937.6
2937.6
2937.6
2904.4
2904.4
2874.5
2874.5
2874.5
2874.5
2874.5
2874.5
2874.5
2874.5
2874.5
2874.5
2874.5
2874.5
2874.5
2874.5
2859.1
2859.1
2858.6
2858.6
2858.6
2858.6
2858.6
2858.6
2858.6
2855.1
2855.1
2803.6
2803.6
2803.6
2803.6
2803.6
2803.6
2803.6
2803.6
2803.6
2803.6
2803.6
2803.6
2803.6
2803.6
2803.6
2791.5
2791.5
2791.5
2791.5
2791.5
2791.5
2791.5
2791.5
2791.5
2781.7
2780.7
2780.7
2780.7
2780.7
2780.7
2780.7
2780.7
2780.7
2780.7
2780.7
2780.7
2780.7
2780.7
2775.3
2775.3
2775.3
2775.3
2775.3
2775.3
2775.3
2775.3
2773.6
2773.6
2773.6
2773.6
2773.6
2773.6
2773.6
2773.6
2773.6
2773.6
2773.6
2773.6
2773.6
2773.6
2773.6
2773.6
2773.6
2773.6
2773.6
2773.6
2773.6
2773.6
2773.6
2773.6
2773.6
2773.6
2773.6
2773.6
2773.6
2773.6
2773.6
2773.6
2773.6
2773.6
2773.6
2773.6
2773.6
2773.6
2773.6
2773.6
2773.6
2773.6
2773.6
2773.6
2773.6
2765.4
2765.4
2765.4
2765.4
2765.4
2765.4
2765.4
2765.4
2765.4
2765.4
2765.4
2752.9
2752.9
2752.9
2752.9
2739.6
2739.6
2734.1
2734.1
2734.1
2734.1
2734.1
2734.1
2734.1
2681.7
2681.7
2681.7
2681.7
2681.7
2642.7
2642.7
2642.7
2597.9
2597.9
2580.3
2580.3
2580.3
2580.3
2578.9
2578.9
2578.9
2578.9
2578.9
2578.9
2578.9
2578.9
2578.9
2578.9
2578.9
2578.9
2578.9
2574.5
2574.5
2574.5
2574.5
2574.5
2574.5
2574.5
2574.5
2574.5
2574.5
2574.5
2574.5
2574.5
2574.5
2574.5
2574.5
2574.5
2570.5
2570.5
2570.5
2570.5
2570.5
2570.5
2570.5
2570.5
2570.5
2570.5
2570.5
2570.5
2570.5
2570.5
2570.5
2570.5
2566.6
2566.6
2566.6
2566.1
2566.1
2566.1
2566.1
2566.1
2566.1
2547.4
2547.4
2547.4
2547.4
2527.5
2527.5
2527.5
2527.5
2517.0
2517.0
2517.0
2517.0
2517.0
2517.0
2517.0
2517.0
2517.0
2517.0
2517.0
2517.0
2517.0
2517.0
2517.0
2517.0
2517.0
2517.0
2517.0
2517.0
2496.5
2469.1
2469.1
2469.1
2469.1
2469.1
2469.1
2469.1
2462.0
2455.2
2455.2
2455.2
2455.2
2455.2
2455.2
2455.2
2455.2
2455.2
2452.7
2452.7
2452.7
2452.7
2393.4
2393.4
2393.4
2393.4
2393.4
2393.4
2393.4
2393.4
2393.4
2393.4
2393.4
2393.4
2393.4
2392.1
2392.1
2392.1
2392.1
2392.1
2387.0
2387.0
2387.0
2387.0
2387.0
2375.2
2375.2
2375.2
2375.2
2375.2
2375.2
2375.2
2375.2
2375.2
2375.2
2368.6
2358.5
2358.5
2358.5
2358.5
2358.5
2358.5
2358.5
2358.5
2358.5
2333.0
2333.0
2333.0
2333.0
2333.0
2333.0
2333.0
2333.0
2323.6
2323.6
2323.6
2323.6
2323.6
2323.6
2323.6
2323.6
2323.6
2323.6
2323.6
2323.6
2323.6
2323.6
2323.6
2323.6
2323.6
2321.2
2321.2
2321.2
2321.2
2321.2
2321.2
2321.2
2321.2
2321.2
2321.2
2320.9
2320.9
2320.9
2320.9
2320.9
2320.9
2320.9
2320.9
2320.9
2320.9
2318.0
2318.0
2318.0
2318.0
2315.8
2295.6
2295.6
2295.6
2295.6
2295.6
2295.6
2295.6
2290.0
2290.0
2290.0
2290.0
2290.0
2290.0
2290.0
2290.0
2290.0
2290.0
2290.0
2290.0
2290.0
2287.2
2287.2
2287.2
2287.2
2287.2
2287.2
2287.2
2287.2
2287.2
2287.2
2287.2
2287.2
2287.2
2287.2
2287.2
2287.2
2286.9
2286.9
2286.9
2280.9
2280.9
2280.9
2280.9
2280.9
2280.9
2280.9
2280.9
2265.9
2265.9
2256.4
2256.4
2256.4
2256.4
2256.4
2256.4
2256.4
2256.4
2256.4
2256.4
2255.0
2255.0
2255.0
2255.0
2255.0
2255.0
2255.0
2255.0
2255.0
2255.0
2255.0
2255.0
2237.8
2237.8
2237.8
2237.8
2237.8
2237.8
2237.8
2237.8
2237.8
2237.8
2237.8
2237.8
2237.8
2237.8
2237.8
2237.8
2237.8
2237.8
2237.8
2237.8
2237.8
2237.8
2237.8
2237.8
2237.8
2237.8
2237.8
2237.8
2237.8
2237.8
2237.8
2237.8
2237.8
2237.8
2237.8
2237.8
2237.8
2237.8
2237.8
2237.8
2237.8
2237.8
2237.8
2237.8
2237.5
2237.5
2237.5
2237.5
2237.5
2237.5
2237.5
2237.5
2237.5
2237.5
2237.5
2237.5
2237.5
2237.5
2237.5
2206.0
2206.0
2206.0
2206.0
2206.0
2206.0
2206.0
2206.0
2206.0
2206.0
2206.0
2206.0
2206.0
2206.0
2201.4
2185.6
2185.6
2185.6
2185.6
2185.6
2185.6
2165.8
2165.8
2165.8
2165.8
2165.8
2165.8
2165.8
2165.8
2165.8
2165.8
2165.8
2165.8
2165.8
2165.8
2150.5
2150.5
2150.5
2118.2
2118.2
2118.2
2118.2
2118.2
2118.2
2118.2
2118.2
2118.2
2118.2
2118.2
2118.2
2118.2
2118.2
2118.2
2094.7
2094.7
2087.5
2087.5
2087.5
2087.5
2087.5
2087.5
2087.5
2087.5
2087.5
2087.5
2087.5
2087.5
2087.5
2087.5
2087.5
2087.5
2077.4
2077.4
2077.4
2077.4
2077.4
2077.4
2077.4
2077.4
2077.4
2077.4
2077.4
2064.9
2064.9
2064.9
2064.9
2064.9
2064.9
2064.9
2064.9
2009.5
2009.5
2009.5
2009.5
2009.5
2009.5
2009.5
2009.5
2009.5
2009.5
2009.5
2009.5
2009.5
2009.5
2009.5
2009.5
2002.4
2002.4
2002.4
2002.4
2002.4
2002.4
2002.4
2002.4
2002.4
2002.4
2002.4
2002.4
2002.4
2002.4
1991.0
1991.0
1991.0
1991.0
1991.0
1991.0
1991.0
1991.0
1991.0
1991.0
1991.0
1989.9
1989.9
1989.9
1989.9
1989.9
1989.9
1989.9
1989.9
1989.9
1989.9
1989.9
1989.9
1989.9
1989.9
1989.9
1989.9
1989.9
1989.9
1989.9
1989.9
1989.9
1989.9
1989.9
1979.2
1979.2
1979.2
1979.2
1979.2
1979.2
1979.2
1979.2
1979.2
1979.2
1979.2
1979.2
1979.2
1979.2
1979.2
1979.2
1979.2
1979.2
1979.2
1979.2
1979.2
1979.2
1979.2
1979.2
1979.2
1978.9
1978.9
1978.9
1978.9
1978.9
1978.9
1978.9
1978.9
1975.4
1975.4
1975.4
1975.4
1975.4
1975.4
1975.4
1975.4
1975.4
1975.4
1975.4
1975.4
1975.4
1975.4
1975.4
1975.4
1975.4
1975.4
1975.4
1975.4
1975.4
1975.4
1975.4
1975.4
1957.0
1957.0
1957.0
1957.0
1957.0
1957.0
1957.0
1957.0
1953.2
1953.2
1953.2
1953.2
1953.2
1953.2
1953.2
1953.2
1941.0
1941.0
1941.0
1941.0
1941.0
1941.0
1941.0
1938.0
1938.0
1938.0
1938.0
1938.0
1938.0
1938.0
1938.0
1938.0
1938.0
1932.8
1932.8
1932.8
1932.8
1932.8
1932.8
1932.8
1932.8
1932.8
1932.8
1932.8
1932.8
1932.8
1932.8
1932.8
1932.8
1932.8
1932.8
1932.8
1932.8
1932.8
1932.8
1932.8
1932.8
1932.8
1932.8
1932.8
1932.8
1932.8
1932.8
1932.8
1932.8
1932.8
1932.8
1932.8
1932.8
1932.8
1932.8
1932.8
1932.8
1932.8
1932.8
1932.8
1932.8
1932.8
1932.8
1932.8
1920.2
1920.2
1920.2
1920.2
1920.2
1920.2
1920.2
1920.2
1920.2
1920.2
1920.2
1920.2
1920.2
1920.2
1920.2
1920.2
1920.2
1920.2
1920.2
1920.2
1920.2
1920.2
1920.2
1920.2
1920.2
1920.2
1920.2
1920.2
1920.2
1920.2
1920.2
1920.2
1919.8
1919.8
1919.8
1919.8
1919.8
1919.8
1919.8
1919.8
1919.8
1919.8
1919.8
1919.8
1919.8
1919.8
1919.8
1919.8
1919.8
1919.8
1919.8
1919.8
1919.8
1919.8
1919.8
1919.8
1919.8
1919.8
1919.8
1919.8
1919.8
1919.8
1919.8
1919.8
1919.8
1919.8
1919.8
1919.8
1918.3
1918.3
1918.3
1918.3
1918.3
1918.3
1918.3
1918.3
1918.3
1918.3
1918.3
1918.3
1918.3
1918.3
1918.3
1918.3
1918.3
1918.3
1918.3
1918.3
1918.3
1918.3
1918.3
1918.3
1918.3
1918.3
1918.3
1918.3
1918.3
1918.3
1918.3
1918.3
1918.3
1918.3
1918.3
1918.3
1918.3
1918.3
1904.2
1904.2
1904.2
1904.2
1904.2
1904.2
1904.2
1904.2
1904.2
1904.2
1904.2
1901.8
1901.8
1901.8
1901.8
1901.8
1901.8
1901.8
1901.8
1901.8
1901.8
1901.8
1888.2
1883.0
1883.0
1883.0
1883.0
1883.0
1861.8
1861.8
1861.8
1861.8
1861.8
1861.8
1861.8
1861.8
1861.8
1861.8
1861.8
1861.8
1861.8
1861.8
1861.8
1861.8
1796.4
1796.4
1796.4
1796.4
1796.4
1796.4
1796.4
1796.4
1796.4
1765.3
1765.3
1765.3
1765.3
1765.3
1765.3
1760.5
1748.4
1748.4
1748.4
1748.4
1748.4
1748.4
1748.4
1748.4
1748.4
1748.4
1748.4
1748.4
1748.4
1748.4
1748.4
1748.4
1748.4
1748.4
1748.4
1748.4
1748.4
1748.4
1748.4
1748.4
1748.4
1748.4
1747.6
1747.6
1747.6
1747.6
1747.6
1734.6
1734.6
1734.6
1734.6
1734.6
1734.6
1734.6
1734.6
1734.6
1733.3
1732.5
1732.5
1732.5
1732.5
1732.5
1732.5
1732.5
1732.5
1732.5
1727.9
1727.9
1727.9
1727.9
1727.9
1727.9
1727.9
1727.9
1727.9
1727.9
1727.9
1727.9
1727.9
1727.9
1727.9
1727.9
1727.9
1727.9
1727.9
1727.9
1727.9
1727.9
1727.9
1727.9
1727.9
1727.9
1727.9
1727.9
1727.9
1727.9
1727.9
1727.9
1727.9
1727.9
1727.9
1727.9
1727.9
1727.9
1727.9
1727.9
1727.9
1727.9
1727.9
1727.9
1727.9
1727.9
1727.9
1727.9
1727.9
1727.9
1727.9
1727.9
1727.9
1727.9
1716.0
1716.0
1716.0
1716.0
1716.0
1716.0
1716.0
1716.0
1716.0
1714.1
1714.1
1714.1
1714.1
1714.1
1714.1
1714.1
1714.1
1714.1
1714.1
1714.1
1714.1
1714.1
1714.1
1714.1
1714.1
1714.1
1714.1
1714.1
1714.1
1714.1
1714.1
1714.1
1699.8
1699.8
1699.8
1699.8
1699.8
1699.8
1699.8
1699.8
1699.8
1699.8
1699.8
1699.8
1699.8
1699.8
1699.8
1687.5
1687.5
1687.5
1687.5
1687.5
1687.5
1687.5
1687.5
1687.5
1687.5
1687.5
1687.5
1687.5
1685.2
1685.2
1685.2
1685.2
1685.2
1685.2
1685.2
1685.2
1685.2
1685.2
1675.2
1675.2
1675.2
1675.2
1675.2
1675.2
1675.2
1675.2
1644.5
1644.5
1644.5
1644.5
1644.5
1644.5
1644.5
1644.5
1644.5
1644.5
1644.5
1644.5
1644.5
1644.5
1644.5
1644.5
1644.5
1617.9
1617.9
1617.9
1617.9
1617.9
1617.9
1617.9
1617.9
1617.9
1617.9
1617.9
1616.0
1616.0
1616.0
1616.0
1616.0
1616.0
1616.0
1616.0
1616.0
1616.0
1616.0
1616.0
1616.0
1616.0
1616.0
1616.0
1616.0
1616.0
1616.0
1616.0
1616.0
1616.0
1616.0
1616.0
1616.0
1616.0
1616.0
1616.0
1616.0
1616.0
1616.0
1616.0
1616.0
1616.0
1616.0
1616.0
1616.0
1616.0
1616.0
1616.0
1616.0
1616.0
1616.0
1616.0
1616.0
1616.0
1616.0
1616.0
1616.0
1616.0
1616.0
1616.0
1616.0
1616.0
1616.0
1616.0
1616.0
1616.0
1616.0
1616.0
1616.0
1616.0
1616.0
1616.0
1616.0
1616.0
1616.0
1616.0
1616.0
1616.0
1616.0
1616.0
1616.0
1616.0
1616.0
1616.0
1616.0
1616.0
1616.0
1616.0
1616.0
1616.0
1616.0
1616.0
1616.0
1616.0
1616.0
1616.0
1595.1
1595.1
1595.1
1595.1
1595.1
1595.1
1595.1
1595.1
1595.1
1595.1
1595.1
1595.1
1595.1
1595.1
1595.1
1595.1
1595.1
1595.1
1595.1
1595.1
1595.1
1595.1
1595.1
1595.1
1595.1
1595.1
1595.1
1595.1
1595.1
1595.1
1595.1
1595.1
1595.1
1594.9
1594.9
1594.9
1594.9
1594.9
1594.9
1594.9
1594.9
1594.9
1594.9
1594.9
1594.9
1594.9
1594.9
1594.9
1594.9
1594.9
1594.9
1594.9
1594.9
1594.9
1594.9
1594.9
1594.9
1594.9
1594.9
1594.9
1594.9
1594.9
1594.9
1594.9
1594.9
1594.9
1594.9
1594.9
1594.9
1594.9
1594.9
1594.9
1594.9
1582.7
1582.7
1582.7
1582.7
1582.7
1582.7
1582.7
1582.7
1582.7
1582.7
1582.7
1582.7
1582.7
1582.7
1582.7
1582.7
1582.7
1582.7
1582.7
1582.7
1582.7
1582.7
1582.7
1582.7
1582.7
1582.7
1582.7
1582.7
1582.7
1582.7
1582.7
1582.7
1582.7
1582.7
1582.7
1582.7
1582.7
1582.7
1582.7
1582.7
1582.7
1582.7
1582.7
1582.7
1582.7
1582.7
1582.7
1582.7
1582.7
1582.7
1582.7
1582.7
1582.7
1582.7
1582.7
1582.7
1582.7
1582.7
1582.7
1580.0
1580.0
1580.0
1580.0
1580.0
1580.0
1580.0
1580.0
1580.0
1580.0
1580.0
1580.0
1580.0
1580.0
1580.0
1580.0
1580.0
1580.0
1580.0
1580.0
1580.0
1580.0
1580.0
1580.0
1561.0
1561.0
1561.0
1561.0
1561.0
1561.0
1561.0
1561.0
1561.0
1561.0
1561.0
1561.0
1561.0
1560.5
1560.5
1560.5
1560.5
1560.5
1560.5
1560.5
1560.5
1554.1
1554.1
1554.1
1554.1
1554.1
1554.1
1554.1
1554.1
1554.1
1554.1
1554.1
1554.1
1554.1
1554.1
1554.1
1554.1
1554.1
1554.1
1554.1
1554.1
1554.1
1554.1
1554.1
1554.1
1554.1
1554.1
1554.1
1554.1
1554.1
1554.1
1554.1
1554.1
1554.1
1554.1
1554.1
1554.1
1554.1
1554.1
1554.1
1554.1
1554.1
1554.1
1554.1
1554.1
1554.1
1554.1
1554.1
1554.1
1554.1
1554.1
1554.1
1554.1
1554.1
1534.5
1534.5
1534.5
1534.5
1534.5
1534.5
1534.5
1534.5
1534.5
1534.5
1534.5
1534.5
1534.5
1534.5
1534.5
1534.5
1534.5
1534.5
1533.9
1533.9
1533.9
1533.9
1533.9
1533.9
1533.9
1533.9
1533.9
1533.9
1533.9
1533.9
1533.9
1533.9
1533.9
1533.9
1533.9
1533.9
1533.9
1533.9
1533.9
1533.9
1533.9
1533.9
1533.9
1533.9
1533.9
1533.9
1533.9
1533.9
1533.9
1533.9
1533.9
1506.7
1506.7
1506.7
1506.7
1506.7
1499.8
1499.8
1499.8
1499.8
1499.8
1495.6
1495.6
1495.6
1495.6
1495.6
1495.6
1495.6
1495.6
1495.6
1495.6
1495.6
1495.6
1495.6
1495.6
1495.6
1495.6
1495.6
1495.6
1495.6
1495.6
1495.6
1495.6
1495.6
1495.6
1495.6
1495.6
1495.6
1495.6
1495.6
1495.6
1495.6
1495.6
1495.6
1495.6
1495.6
1495.6
1495.6
1495.6
1495.6
1495.6
1495.6
1495.6
1495.6
1495.6
1495.6
1495.6
1495.6
1495.6
1495.6
1495.6
1495.6
1495.6
1495.6
1495.6
1495.6
1495.6
1495.6
1495.6
1495.6
1495.6
1495.6
1495.6
1495.6
1495.6
1495.6
1495.6
1495.6
1495.6
1495.6
1495.6
1495.6
1495.6
1495.6
1495.6
1495.6
1495.6
1495.6
1495.6
1495.6
1495.6
1492.0
1492.0
1492.0
1492.0
1492.0
1492.0
1492.0
1492.0
1492.0
1492.0
1492.0
1492.0
1492.0
1492.0
1492.0
1492.0
1492.0
1492.0
1492.0
1492.0
1492.0
1492.0
1492.0
1492.0
1492.0
1492.0
1492.0
1492.0
1492.0
1492.0
1492.0
1492.0
1492.0
1492.0
1492.0
1492.0
1492.0
1492.0
1492.0
1492.0
1492.0
1492.0
1492.0
1492.0
1492.0
1492.0
1492.0
1492.0
1492.0
1492.0
1492.0
1492.0
1492.0
1492.0
1492.0
1492.0
1490.1
1490.1
1490.1
1490.1
1490.1
1477.4
1477.4
1477.4
1477.4
1477.4
1477.4
1477.4
1477.4
1477.4
1477.4
1477.4
1477.4
1477.4
1477.4
1477.4
1477.4
1477.4
1477.4
1477.4
1477.4
1477.4
1477.4
1477.4
1477.4
1477.4
1477.4
1477.4
1477.4
1477.4
1477.4
1477.4
1477.4
1477.4
1477.4
1477.4
1477.4
1477.4
1477.4
1477.4
1462.5
1462.5
1462.5
1462.5
1462.5
1462.5
1462.5
1462.5
1462.5
1462.5
1462.5
1455.0
1455.0
1455.0
1455.0
1453.0
1453.0
1453.0
1453.0
1453.0
1453.0
1453.0
1446.5
1446.5
1446.5
1446.5
1446.5
1446.5
1446.5
1446.5
1446.5
1446.5
1446.5
1446.5
1446.5
1446.5
1446.5
1446.5
1446.5
1446.5
1446.5
1446.5
1446.5
1446.5
1446.5
1446.5
1446.5
1446.5
1446.5
1432.9
1432.9
1432.9
1432.9
1432.9
1432.9
1432.9
1432.9
1432.9
1432.9
1432.9
1432.9
1432.9
1432.9
1432.9
1432.9
1432.9
1432.9
1432.9
1432.9
1432.9
1432.9
1432.9
1432.9
1432.9
1432.9
1432.9
1432.9
1432.9
1432.9
1432.9
1432.9
1432.9
1432.9
1432.9
1432.9
1432.9
1432.9
1432.9
1432.9
1432.9
1432.9
1432.9
1432.9
1432.9
1432.9
1432.9
1432.9
1432.9
1432.9
1432.9
1432.9
1432.9
1432.9
1432.9
1432.9
1432.9
1432.9
1432.9
1432.9
1432.9
1432.9
1415.4
1415.4
1415.4
1415.4
1415.4
1415.4
1415.4
1415.4
1415.4
1415.4
1415.4
1415.4
1415.4
1415.4
1415.4
1415.4
1415.4
1415.4
1415.4
1415.4
1415.4
1415.4
1415.4
1415.4
1415.4
1415.4
1415.4
1415.4
1415.4
1415.4
1415.4
1415.4
1415.4
1415.4
1415.4
1412.9
1412.9
1412.9
1412.9
1412.9
1412.9
1412.9
1412.9
1412.9
1412.9
1412.9
1412.9
1412.9
1412.9
1412.9
1412.9
1412.9
1412.9
1412.9
1412.9
1412.9
1412.9
1412.9
1412.9
1412.9
1412.9
1412.9
1412.9
1412.9
1412.9
1412.9
1412.9
1412.9
1412.9
1412.9
1412.9
1412.9
1412.9
1412.9
1412.9
1412.9
1412.9
1412.9
1412.9
1412.9
1412.9
1412.9
1412.9
1412.9
1412.9
1412.9
1412.9
1412.9
1412.9
1412.9
1412.9
1412.9
1412.9
1412.9
1412.9
1412.9
1412.9
1412.9
1412.9
1412.9
1412.9
1412.9
1412.9
1412.9
1412.9
1412.9
1412.9
1412.9
1412.9
1412.9
1412.9
1412.9
1412.9
1412.9
1412.9
1412.9
1412.9
1412.9
1412.9
1412.9
1412.9
1412.9
1412.9
1412.9
1412.9
1412.9
1412.9
1412.9
1412.9
1412.9
1412.9
1412.9
1412.9
1412.9
1412.9
