4993.1
4969.0
4881.9
4840.3
4840.3
4790.8
4790.8
4790.8
4787.6
4761.7
4712.1
4671.5
4639.7
4639.7
4609.2
4609.2
4509.8
4508.4
4496.9
4492.1
4492.1
4453.6
4429.1
4386.1
4386.1
4358.5
4306.3
4306.3
4290.0
4290.0
4269.1
4264.8
4264.8
4264.8
4264.8
4264.8
4264.8
4264.8
4259.4
4250.5
4250.5
4250.5
4246.4
4246.4
4246.4
4246.4
4233.8
4233.8
4230.9
4201.2
4201.2
4201.2
4201.2
4201.2
4201.2
4201.2
4201.2
4164.3
4117.6
4094.8
4094.8
4094.8
4094.8
4020.4
3989.3
3989.3
3989.3
3989.3
3977.1
3977.1
3899.8
3899.8
3899.8
3878.1
3876.3
3822.5
3747.3
3747.3
3747.3
3747.3
3747.3
3686.6
3686.6
3663.0
3647.3
3639.8
3564.9
3564.9
3564.9
3564.9
3478.1
3477.9
3477.9
3477.9
3477.4
3477.4
3477.4
3477.4
3477.4
3477.4
3476.0
3476.0
3476.0
3476.0
3476.0
3476.0
3476.0
3468.0
3468.0
3417.3
3402.8
3402.8
3402.8
3402.8
3402.8
3402.8
3402.8
3402.8
3386.8
3386.8
3386.8
3386.8
3386.8
3386.8
3385.9
3385.9
3385.9
3363.2
3359.3
3353.1
3353.1
3328.1
3328.1
3328.1
3328.1
3328.1
3328.1
3328.1
3323.6
3323.6
3312.7
3312.7
3312.7
3312.7
3299.5
3299.5
3299.5
3299.5
3299.5
3299.5
3284.9
3284.9
3284.9
3284.9
3284.9
3284.9
3284.9
3284.9
3284.7
3284.7
3267.9
3267.9
3254.1
3253.5
3253.5
3253.5
3253.5
3244.5
3243.4
3243.4
3243.4
3243.4
3205.9
3205.9
3205.9
3205.9
3139.8
3116.2
3112.5
3107.1
3107.1
3107.1
3106.9
3106.9
3106.9
3106.9
3106.9
3106.9
3106.9
3106.9
3106.9
3106.9
3106.9
3106.9
3106.9
3106.9
3106.9
3056.6
3056.6
3056.6
3056.6
3046.0
3046.0
3046.0
3046.0
3046.0
3046.0
3046.0
3046.0
3046.0
3046.0
3046.0
3046.0
3046.0
3046.0
2998.5
2985.3
2957.3
2957.3
2957.3
2957.3
2954.7
2954.7
2954.7
2903.4
2903.4
2903.4
2903.4
2903.4
2903.4
2867.5
2867.5
2867.5
2867.5
2867.5
2855.3
2850.2
2812.8
2812.8
2812.8
2812.8
2812.8
2809.0
2809.0
2809.0
2785.4
2785.4
2785.4
2785.4
2785.4
2783.7
2783.7
2780.1
2780.1
2771.0
2771.0
2771.0
2771.0
2771.0
2771.0
2771.0
2770.9
2770.9
2770.9
2765.9
2765.9
2765.9
2765.9
2765.9
2765.9
2765.9
2765.9
2765.9
2765.9
2765.9
2765.9
2765.9
2765.9
2765.9
2765.9
2765.9
2765.9
2765.9
2765.9
2765.9
2765.9
2747.4
2743.8
2743.8
2743.8
2737.9
2737.9
2737.9
2737.9
2737.9
2737.9
2726.6
2726.6
2726.6
2726.6
2705.7
2705.7
2705.7
2705.7
2705.7
2685.4
2685.4
2659.7
2644.9
2644.9
2642.0
2601.6
2601.6
2601.6
2601.6
2601.6
2601.6
2601.6
2601.6
2601.6
2601.6
2597.2
2597.2
2597.2
2564.0
2564.0
2564.0
2564.0
2564.0
2564.0
2564.0
2564.0
2564.0
2564.0
2564.0
2564.0
2559.8
2559.8
2559.8
2559.8
2559.8
2540.5
2540.5
2540.5
2540.5
2540.5
2540.5
2529.5
2529.5
2529.5
2529.5
2529.5
2529.1
2529.1
2529.1
2529.1
2529.1
2529.1
2517.1
2517.1
2517.1
2517.1
2517.1
2517.1
2517.1
2517.1
2517.1
2517.1
2517.1
2517.1
2517.1
2515.2
2515.2
2515.2
2515.2
2510.6
2510.6
2506.4
2506.4
2506.4
2506.4
2506.4
2506.4
2506.4
2506.4
2506.4
2505.1
2505.1
2505.1
2505.1
2505.1
2505.1
2505.1
2505.1
2501.1
2478.8
2474.8
2454.3
2454.3
2454.3
2454.3
2454.3
2454.3
2454.3
2454.3
2454.3
2454.3
2432.1
2392.4
2392.4
2392.4
2392.4
2392.4
2392.4
2364.1
2364.1
2364.1
2364.1
2364.1
2353.9
2353.9
2353.9
2353.9
2353.9
2353.9
2353.9
2347.8
2347.8
2347.8
2334.5
2334.5
2334.5
2334.5
2334.5
2334.5
2334.5
2324.8
2324.8
2324.8
2301.0
2301.0
2301.0
2301.0
2301.0
2301.0
2301.0
2301.0
2296.7
2296.7
2296.7
2296.7
2296.7
2296.7
2296.7
2296.7
2296.7
2296.7
2296.7
2296.7
2296.7
2296.7
2296.7
2296.7
2285.2
2285.2
2285.2
2285.2
2285.2
2285.2
2285.2
2285.2
2285.2
2285.2
2285.2
2271.1
2271.1
2271.1
2271.1
2271.1
2271.1
2271.1
2271.1
2271.1
2271.1
2271.1
2254.6
2254.6
2254.6
2254.6
2254.6
2254.6
2254.6
2254.6
2254.6
2254.6
2254.6
2254.4
2254.4
2254.4
2254.4
2254.4
2254.4
2254.4
2254.4
2251.6
2251.6
2251.6
2251.6
2251.6
2251.6
2251.6
2251.6
2251.6
2251.6
2251.6
2251.6
2251.6
2251.6
2251.6
2251.6
2251.6
2251.6
2251.6
2251.6
2251.6
2251.6
2251.6
2251.6
2229.2
2229.2
2229.2
2229.2
2229.2
2229.2
2229.2
2229.2
2229.2
2229.2
2229.2
2229.2
2229.2
2229.2
2229.2
2222.6
2222.6
2222.6
2222.6
2222.6
2222.6
2222.6
2222.6
2222.6
2222.6
2222.6
2222.6
2222.6
2222.6
2222.6
2222.6
2222.6
2222.6
2222.6
2222.6
2222.6
2222.6
2222.6
2222.6
2222.6
2222.6
2222.6
2164.8
2164.8
2164.8
2164.8
2164.8
2164.8
2164.8
2164.8
2164.8
2164.8
2135.6
2135.6
2135.6
2135.6
2135.6
2135.6
2135.6
2108.3
2108.3
2108.3
2108.3
2108.3
2108.3
2108.3
2108.3
2108.3
2108.3
2108.3
2108.3
2108.3
2108.3
2108.3
2106.1
2106.1
2106.1
2106.1
2106.1
2106.1
2106.1
2106.1
2092.4
2092.4
2092.4
2082.7
2082.7
2075.4
2075.4
2075.4
2075.4
2075.4
2067.9
2067.9
2067.9
2067.9
2067.9
2067.9
2067.9
2046.4
2046.4
2046.4
2046.4
2046.4
2046.4
2046.4
2046.4
2046.4
2026.7
2026.7
2026.7
2020.6
2020.6
2020.6
2020.6
2020.6
2020.6
2020.6
2020.6
2008.4
2008.4
2008.4
2008.4
2008.4
2008.4
2008.4
2008.4
2008.4
2008.4
2008.4
2008.4
2008.4
2008.4
2008.4
2008.4
2008.4
2008.4
2008.4
2008.4
2008.4
2008.4
2008.4
2008.4
2008.4
2008.4
1973.5
1973.5
1973.5
1973.5
1973.5
1971.2
1971.2
1971.2
1971.2
1971.2
1971.2
1971.2
1971.2
1971.2
1971.2
1971.2
1971.2
1964.4
1964.4
1964.4
1964.4
1964.4
1964.4
1964.4
1964.4
1964.4
1964.4
1964.4
1964.4
1964.4
1964.4
1963.1
1963.1
1963.1
1963.1
1963.1
1963.1
1963.1
1945.6
1945.6
1945.6
1945.6
1945.6
1945.6
1945.6
1945.6
1945.6
1945.6
1945.6
1945.6
1945.6
1945.6
1945.6
1929.1
1929.1
1929.1
1929.1
1929.1
1911.1
1911.1
1911.1
1911.1
1911.1
1911.1
1911.1
1911.1
1911.1
1911.1
1911.1
1906.2
1906.2
1906.2
1906.2
1906.2
1906.2
1906.2
1906.2
1906.2
1906.2
1906.2
1906.2
1906.2
1906.2
1906.2
1906.2
1906.2
1906.2
1906.2
1906.2
1906.2
1906.2
1906.2
1906.2
1906.2
1906.2
1901.4
1901.4
1901.4
1901.4
1901.4
1901.4
1901.4
1901.4
1901.4
1901.4
1901.4
1901.4
1882.8
1882.8
1882.8
1882.8
1882.8
1882.8
1882.8
1882.8
1882.8
1882.8
1882.8
1882.8
1870.6
1870.6
1870.6
1870.6
1870.6
1863.4
1863.4
1863.4
1863.4
1863.4
1863.4
1863.4
1863.4
1863.4
1863.4
1863.4
1863.4
1863.4
1863.4
1863.4
1863.4
1863.4
1863.4
1863.4
1863.4
1863.4
1863.4
1863.4
1863.4
1863.4
1863.4
1863.4
1863.4
1863.4
1863.4
1863.4
1863.4
1863.4
1863.4
1863.4
1863.4
1863.4
1863.4
1863.4
1863.4
1863.4
1863.4
1863.4
1863.4
1863.4
1863.4
1862.1
1862.1
1862.1
1862.1
1862.1
1862.1
1862.1
1862.1
1862.1
1862.1
1862.1
1860.8
1860.8
1860.8
1860.8
1839.8
1839.8
1839.8
1839.8
1839.8
1839.8
1839.8
1839.8
1839.8
1839.8
1839.8
1839.8
1839.8
1839.8
1839.8
1824.3
1824.3
1824.3
1824.3
1824.3
1824.3
1824.3
1824.3
1824.3
1824.3
1824.3
1824.3
1824.3
1824.3
1824.3
1824.3
1824.3
1824.3
1824.3
1824.3
1824.3
1819.9
1819.9
1819.9
1819.9
1819.9
1819.9
1819.9
1819.9
1819.9
1819.9
1819.9
1819.9
1809.8
1809.8
1809.8
1809.8
1809.8
1809.8
1809.8
1809.8
1809.8
1809.8
1809.8
1809.8
1809.8
1809.8
1809.8
1809.8
1809.8
1809.8
1809.8
1806.3
1806.3
1806.3
1801.0
1801.0
1801.0
1801.0
1801.0
1801.0
1801.0
1801.0
1801.0
1801.0
1801.0
1801.0
1801.0
1801.0
1801.0
1801.0
1801.0
1801.0
1801.0
1801.0
1801.0
1801.0
1801.0
1801.0
1801.0
1801.0
1801.0
1801.0
1801.0
1801.0
1801.0
1801.0
1801.0
1801.0
1801.0
1801.0
1801.0
1801.0
1801.0
1801.0
1801.0
1801.0
1801.0
1801.0
1801.0
1801.0
1801.0
1801.0
1801.0
1801.0
1801.0
1801.0
1801.0
1801.0
1801.0
1801.0
1801.0
1801.0
1801.0
1801.0
1801.0
1801.0
1801.0
1801.0
1801.0
1801.0
1794.5
1794.5
1794.5
1794.5
1794.5
1794.5
1794.5
1794.5
1794.5
1794.5
1794.5
1794.5
1794.5
1794.5
1794.5
1794.5
1794.5
1794.5
1794.5
1794.5
1794.5
1794.5
1794.5
1794.5
1794.5
1794.5
1794.5
1793.2
1793.2
1793.2
1793.2
1793.2
1793.2
1793.2
1793.2
1793.2
1793.2
1789.9
1789.9
1789.9
1781.3
1781.3
1781.3
1777.4
1775.9
1775.9
1775.9
1775.9
1775.9
1775.9
1775.9
1775.9
1775.9
1775.9
1775.9
1767.3
1767.3
1767.3
1767.3
1767.3
1767.3
1767.3
1767.3
1767.3
1767.3
1767.3
1767.3
1767.3
1767.3
1767.3
1767.3
1767.3
1767.3
1767.3
1767.3
1767.3
1767.3
1767.3
1767.3
1767.3
1767.3
1767.1
1767.1
1767.1
1767.1
1767.1
1767.1
1767.1
1767.1
1767.1
1767.1
1767.1
1767.1
1767.1
1767.1
1767.1
1767.1
1767.1
1767.1
1767.1
1767.1
1767.1
1767.1
1767.1
1767.1
1767.1
1767.1
1767.1
1767.1
1767.1
1752.9
1752.9
1752.9
1752.9
1752.9
1750.6
1750.6
1750.6
1750.6
1750.6
1750.6
1750.6
1750.6
1750.6
1750.6
1750.6
1750.6
1750.6
1750.6
1750.6
1750.6
1750.6
1750.6
1750.6
1750.6
1750.6
1750.6
1750.6
1750.6
1750.6
1750.6
1750.6
1750.6
1750.6
1750.6
1750.6
1750.6
1750.6
1750.6
1750.6
1750.6
1750.6
1750.6
1750.6
1750.6
1750.6
1750.6
1750.6
1750.6
1750.5
1750.5
1750.5
1750.5
1750.5
1750.5
1750.5
1750.5
1750.5
1750.5
1750.5
1750.5
1750.5
1750.5
1737.9
1737.9
1737.9
1737.9
1737.9
1737.9
1737.9
1737.9
1737.9
1737.9
1737.9
1737.9
1737.9
1724.4
1724.4
1724.4
1724.4
1724.4
1724.4
1724.4
1724.4
1724.4
1724.4
1724.4
1724.4
1724.4
1724.4
1724.4
1724.4
1724.4
1724.4
1724.4
1724.4
1724.4
1724.4
1724.4
1724.4
1724.4
1724.4
1721.1
1721.1
1721.1
1721.1
1721.1
1721.1
1721.1
1721.1
1721.1
1721.1
1721.1
1721.1
1721.1
1721.1
1721.1
1717.1
1717.1
1717.1
1717.1
1717.1
1717.1
1717.1
1717.1
1717.1
1717.1
1715.6
1715.6
1715.6
1715.6
1715.6
1715.6
1714.4
1714.4
1714.4
1714.4
1714.4
1714.4
1714.4
1714.4
1714.4
1714.4
1714.4
1714.4
1714.4
1714.4
1714.4
1714.4
1714.4
1714.4
1714.4
1713.5
1713.5
1713.5
1713.5
1713.5
1713.5
1713.5
1713.5
1713.5
1713.5
1713.5
1713.5
1713.5
1713.5
1706.8
1706.8
1706.8
1706.8
1706.8
1706.8
1706.8
1706.8
1706.8
1706.8
1706.8
1706.8
1706.8
1706.8
1706.8
1706.8
1706.8
1706.8
1706.8
1706.8
1706.8
1706.8
1706.8
1706.8
1706.8
1706.8
1706.8
1706.8
1706.8
1706.8
1706.8
1706.8
1706.8
1706.8
1706.8
1706.8
1706.8
1706.8
1706.8
1706.8
1706.8
1695.2
1695.2
1695.2
1695.2
1695.2
1695.2
1695.2
1691.1
1691.1
1691.1
1691.1
1691.1
1691.1
1691.1
1691.1
1691.1
1691.1
1691.1
1691.1
1691.1
1691.1
1691.1
1691.1
1691.1
1691.1
1691.1
1691.1
1691.1
1691.1
1691.1
1691.1
1691.1
1691.1
1691.1
1691.1
1688.4
1688.4
1688.4
1688.4
1688.4
1688.4
1688.4
1688.4
1688.4
1669.8
1669.8
1669.8
1669.8
1659.9
1659.9
1657.6
1657.6
1657.6
1657.6
1657.6
1657.6
1657.6
1657.6
1657.6
1657.6
1657.6
1657.6
1657.6
1657.6
1657.6
1657.6
1654.1
1654.1
1654.1
1654.1
1654.1
1654.1
1654.1
1654.1
1654.1
1654.1
1654.1
1654.1
1654.1
1654.1
1654.1
1654.1
1654.1
1654.1
1654.1
1654.1
1654.1
1654.1
1654.1
1654.1
1654.1
1654.1
1654.1
1654.1
1654.1
1644.6
1644.6
1644.6
1644.6
1644.6
1644.6
1644.6
1644.6
1644.6
1644.6
1644.6
1644.6
1644.6
1644.6
1644.6
1644.6
1644.6
1644.6
1644.6
1644.6
1644.6
1644.6
1644.6
1644.6
1644.6
1644.6
1644.6
1633.8
1633.8
1633.8
1626.8
1626.8
1626.8
1626.8
1626.8
1626.8
1626.8
1626.8
1626.8
1626.8
1626.8
1626.8
1626.8
1626.8
1626.8
1626.8
1626.8
1626.8
1626.8
1626.8
1626.8
1626.8
1626.8
1626.8
1626.8
1626.8
1626.8
1626.8
1626.8
1626.8
1626.8
1626.8
1626.8
1626.8
1612.5
1612.5
1612.5
1612.5
1612.5
1612.5
1612.5
1612.5
1612.5
1612.5
1612.5
1612.5
1612.5
1612.5
1612.5
1612.5
1612.5
1609.7
1609.7
1609.7
1609.7
1609.7
1606.7
1606.7
1606.7
1606.7
1606.7
1606.7
1606.7
1604.9
1604.9
1604.9
1604.9
1604.9
1604.9
1604.9
1604.9
1604.9
1604.9
1604.9
1604.9
1604.9
1604.9
1604.9
1602.1
1592.3
1592.3
1592.3
1592.3
1592.3
1592.3
1592.3
1592.3
1592.3
1592.3
1592.3
1592.3
1592.3
1592.3
1592.3
1592.3
1592.3
1592.3
1591.5
1591.5
1591.5
1591.5
1591.5
1591.5
1591.5
1591.5
1591.5
1591.5
1583.9
1583.9
1583.9
1583.7
1583.7
1583.7
1583.7
1583.7
1583.7
1583.7
1583.7
1583.7
1583.7
1583.7
1583.7
1583.7
1583.7
1583.7
1583.7
1567.2
1567.2
1567.2
1567.2
1567.2
1567.2
1567.2
1567.2
1567.2
1567.2
1567.2
1567.2
1567.2
1567.2
1567.2
1567.2
1567.2
1567.2
1559.3
1559.3
1559.3
1559.3
1559.3
1559.3
1559.3
1559.3
1559.3
1559.3
1559.3
1559.3
1559.3
1559.3
1535.2
1535.2
1535.2
1535.2
1535.2
1535.2
1535.2
1535.2
1535.2
1487.2
1487.2
1487.2
1487.2
1487.2
1487.2
1487.2
1487.2
1487.2
1487.2
1487.2
1487.2
1487.2
1487.2
1487.2
1487.2
1486.7
1486.7
1475.7
1475.7
1475.7
1475.7
1475.7
1475.7
1475.7
1475.7
1475.7
1475.7
1475.7
1475.7
1475.7
1475.7
1475.7
1475.7
1475.7
1475.7
1475.7
1475.7
1475.7
1475.7
1475.7
1475.7
1475.7
1475.7
1475.7
1475.7
1475.7
1475.7
1475.7
1475.7
1475.7
1475.7
1475.7
1475.7
1475.7
1475.7
1475.7
1472.6
1472.6
1472.6
1472.6
1472.6
1472.6
1472.6
1472.6
1472.6
1472.6
1472.6
1472.6
1443.6
1443.6
1443.6
1443.6
1443.6
1443.6
1443.6
1443.6
1443.6
1443.6
1443.6
1443.6
1443.6
1443.6
1443.6
1443.6
1443.6
1427.0
1427.0
1427.0
1427.0
1427.0
1427.0
1427.0
1427.0
1427.0
1427.0
1427.0
1427.0
1427.0
1427.0
1427.0
1427.0
1427.0
1427.0
1427.0
1427.0
1427.0
1427.0
1414.8
1414.8
1414.8
1414.8
1414.8
1414.8
1414.8
1414.8
1414.8
1414.8
1414.8
1414.8
1414.8
1414.8
1414.8
1414.8
1414.8
1414.8
1414.8
1414.8
1414.8
1414.8
1414.8
1414.8
1414.8
1414.8
1414.8
1414.8
1414.8
1414.8
1414.8
1414.8
1414.8
1414.8
1414.8
1414.8
1414.8
1414.8
1414.8
1414.8
1414.8
1413.9
1413.9
1413.9
1413.9
1413.9
1413.9
1410.6
1410.6
1410.6
1380.3
1380.3
1380.3
1380.3
1380.3
1380.3
1380.3
1380.3
1380.3
1380.3
1380.3
1380.3
1380.3
1380.3
1380.3
1380.3
1375.2
1375.2
1375.2
1375.2
1375.2
1375.2
1375.2
1375.2
1375.2
1375.2
1375.2
1375.2
1375.2
1375.2
1375.2
1375.2
1375.2
1375.2
1375.2
1375.2
1375.2
1375.2
1375.2
1375.2
1375.2
1375.2
1375.2
1375.2
1375.2
1375.2
1375.2
1375.2
1375.2
1375.2
1375.2
1375.2
1375.2
1375.2
1375.2
1375.2
1375.2
1375.2
1375.2
1375.2
1375.2
1375.2
1375.2
1375.2
1375.2
1375.2
1375.2
1375.2
1368.6
1368.6
1368.6
1368.6
1368.6
1368.6
1368.6
1368.6
1368.6
1368.6
1368.6
1368.6
1368.6
1368.6
1368.6
1368.6
1368.6
1368.6
1368.6
1368.6
1368.6
1368.6
1368.6
1368.6
1368.6
1368.6
1368.6
1368.6
1368.6
1368.6
1368.6
1368.6
1368.6
1368.6
1368.6
1368.6
1368.6
1368.6
1368.6
1368.6
1368.6
1368.6
1368.6
1368.6
1368.6
1368.6
1368.6
1368.6
1368.6
1368.6
1368.6
1368.6
1368.6
1368.6
1368.6
1368.6
1368.6
1368.6
1368.6
1368.6
1368.6
1368.6
1368.6
1368.6
1368.6
1368.6
1368.6
1368.6
1368.6
1368.6
1368.6
1368.6
1368.6
1368.6
1368.6
1368.6
1365.7
1365.7
1365.7
1365.7
1365.7
1365.7
1365.7
1365.7
1365.7
1365.7
1365.7
1365.7
1365.7
1365.7
1365.7
1365.7
1365.7
1365.7
1365.7
1365.7
1353.0
1353.0
1353.0
1353.0
1353.0
1353.0
1353.0
1353.0
1353.0
1353.0
1353.0
1353.0
1353.0
1353.0
1353.0
1353.0
1353.0
1353.0
1353.0
1353.0
1353.0
1353.0
1353.0
1353.0
1353.0
1353.0
1353.0
1348.8
1348.8
1348.8
1348.8
1348.8
1342.9
1342.9
1342.9
1342.9
1342.9
1342.9
1342.9
1342.9
1342.9
1342.9
1342.9
1342.9
1342.9
1342.9
1342.9
1342.9
1342.9
1342.9
1342.9
1342.9
1342.9
1342.9
1342.9
1342.9
1342.9
1342.9
1342.9
1342.9
1342.9
1342.9
1342.9
1342.9
1342.9
1342.9
1342.9
1342.9
1342.9
1342.9
1342.9
1342.9
1342.9
1342.9
1342.9
1342.9
1342.9
1342.9
1342.9
1342.9
1342.9
1342.9
1342.9
1342.9
1342.9
1342.9
1342.9
1342.9
1342.9
1342.9
1342.9
1342.9
1342.9
1342.9
1342.9
1342.9
1342.9
1342.9
1342.9
1342.9
1342.9
1342.9
1342.9
1342.9
1342.9
1342.9
1342.9
1342.9
1342.9
1342.9
1342.9
1342.9
1342.9
1342.9
1342.9
1342.9
1342.9
1342.9
1342.9
1342.9
1342.9
1342.9
1342.9
1342.9
1342.9
1342.9
1342.9
1342.9
1342.9
1342.9
1342.9
1342.9
